/*--------------------------------*- C++ -*----------------------------------*\
| =========                 |                                                 |
| \\      /  F ield         | OpenFOAM: The Open Source CFD Toolbox           |
|  \\    /   O peration     | Version:  2306                                  |
|   \\  /    A nd           | Website:  www.openfoam.com                      |
|    \\/     M anipulation  |                                                 |
\*---------------------------------------------------------------------------*/
FoamFile
{
    version     2.0;
    format      ascii;
    arch        "LSB;label=32;scalar=64";
    class       vectorField;
    location    "constant/polyMesh";
    object      points;
}
// * * * * * * * * * * * * * * * * * * * * * * * * * * * * * * * * * * * * * //


404
(
(0 0 0)
(0.1 0 0)
(0 0.1 0)
(0.1 0.1 0)
(0 0 0.002547940604)
(0.1 0 0.002547940604)
(0 0.1 0.002547940604)
(0.1 0.1 0.002547940604)
(0 0 0.005155836854)
(0.1 0 0.005155836854)
(0 0.1 0.005155836854)
(0.1 0.1 0.005155836854)
(0 0 0.007825099569)
(0.1 0 0.007825099569)
(0 0.1 0.007825099569)
(0.1 0.1 0.007825099569)
(0 0 0.01055717276)
(0.1 0 0.01055717276)
(0 0.1 0.01055717276)
(0.1 0.1 0.01055717276)
(0 0 0.01335353443)
(0.1 0 0.01335353443)
(0 0.1 0.01335353443)
(0.1 0.1 0.01335353443)
(0 0 0.01621569734)
(0.1 0 0.01621569734)
(0 0.1 0.01621569734)
(0.1 0.1 0.01621569734)
(0 0 0.01914520988)
(0.1 0 0.01914520988)
(0 0.1 0.01914520988)
(0.1 0.1 0.01914520988)
(0 0 0.02214365684)
(0.1 0 0.02214365684)
(0 0.1 0.02214365684)
(0.1 0.1 0.02214365684)
(0 0 0.02521266031)
(0.1 0 0.02521266031)
(0 0.1 0.02521266031)
(0.1 0.1 0.02521266031)
(0 0 0.02835388058)
(0.1 0 0.02835388058)
(0 0.1 0.02835388058)
(0.1 0.1 0.02835388058)
(0 0 0.03156901697)
(0.1 0 0.03156901697)
(0 0.1 0.03156901697)
(0.1 0.1 0.03156901697)
(0 0 0.0348598088)
(0.1 0 0.0348598088)
(0 0.1 0.0348598088)
(0.1 0.1 0.0348598088)
(0 0 0.03822803633)
(0.1 0 0.03822803633)
(0 0.1 0.03822803633)
(0.1 0.1 0.03822803633)
(0 0 0.0416755217)
(0.1 0 0.0416755217)
(0 0.1 0.0416755217)
(0.1 0.1 0.0416755217)
(0 0 0.04520412991)
(0.1 0 0.04520412991)
(0 0.1 0.04520412991)
(0.1 0.1 0.04520412991)
(0 0 0.04881576989)
(0.1 0 0.04881576989)
(0 0.1 0.04881576989)
(0.1 0.1 0.04881576989)
(0 0 0.05251239544)
(0.1 0 0.05251239544)
(0 0.1 0.05251239544)
(0.1 0.1 0.05251239544)
(0 0 0.05629600637)
(0.1 0 0.05629600637)
(0 0.1 0.05629600637)
(0.1 0.1 0.05629600637)
(0 0 0.06016864954)
(0.1 0 0.06016864954)
(0 0.1 0.06016864954)
(0.1 0.1 0.06016864954)
(0 0 0.06413241995)
(0.1 0 0.06413241995)
(0 0.1 0.06413241995)
(0.1 0.1 0.06413241995)
(0 0 0.06818946193)
(0.1 0 0.06818946193)
(0 0.1 0.06818946193)
(0.1 0.1 0.06818946193)
(0 0 0.07234197026)
(0.1 0 0.07234197026)
(0 0.1 0.07234197026)
(0.1 0.1 0.07234197026)
(0 0 0.07659219135)
(0.1 0 0.07659219135)
(0 0.1 0.07659219135)
(0.1 0.1 0.07659219135)
(0 0 0.08094242449)
(0.1 0 0.08094242449)
(0 0.1 0.08094242449)
(0.1 0.1 0.08094242449)
(0 0 0.08539502305)
(0.1 0 0.08539502305)
(0 0.1 0.08539502305)
(0.1 0.1 0.08539502305)
(0 0 0.08995239582)
(0.1 0 0.08995239582)
(0 0.1 0.08995239582)
(0.1 0.1 0.08995239582)
(0 0 0.09461700822)
(0.1 0 0.09461700822)
(0 0.1 0.09461700822)
(0.1 0.1 0.09461700822)
(0 0 0.09939138371)
(0.1 0 0.09939138371)
(0 0.1 0.09939138371)
(0.1 0.1 0.09939138371)
(0 0 0.1042781051)
(0.1 0 0.1042781051)
(0 0.1 0.1042781051)
(0.1 0.1 0.1042781051)
(0 0 0.1092798161)
(0.1 0 0.1092798161)
(0 0.1 0.1092798161)
(0.1 0.1 0.1092798161)
(0 0 0.1143992225)
(0.1 0 0.1143992225)
(0 0.1 0.1143992225)
(0.1 0.1 0.1143992225)
(0 0 0.1196390937)
(0.1 0 0.1196390937)
(0 0.1 0.1196390937)
(0.1 0.1 0.1196390937)
(0 0 0.1250022644)
(0.1 0 0.1250022644)
(0 0.1 0.1250022644)
(0.1 0.1 0.1250022644)
(0 0 0.130491636)
(0.1 0 0.130491636)
(0 0.1 0.130491636)
(0.1 0.1 0.130491636)
(0 0 0.1361101782)
(0.1 0 0.1361101782)
(0 0.1 0.1361101782)
(0.1 0.1 0.1361101782)
(0 0 0.1418609304)
(0.1 0 0.1418609304)
(0 0.1 0.1418609304)
(0.1 0.1 0.1418609304)
(0 0 0.1477470037)
(0.1 0 0.1477470037)
(0 0.1 0.1477470037)
(0.1 0.1 0.1477470037)
(0 0 0.1537715822)
(0.1 0 0.1537715822)
(0 0.1 0.1537715822)
(0.1 0.1 0.1537715822)
(0 0 0.1599379253)
(0.1 0 0.1599379253)
(0 0.1 0.1599379253)
(0.1 0.1 0.1599379253)
(0 0 0.1662493687)
(0.1 0 0.1662493687)
(0 0.1 0.1662493687)
(0.1 0.1 0.1662493687)
(0 0 0.1727093269)
(0.1 0 0.1727093269)
(0 0.1 0.1727093269)
(0.1 0.1 0.1727093269)
(0 0 0.1793212944)
(0.1 0 0.1793212944)
(0 0.1 0.1793212944)
(0.1 0.1 0.1793212944)
(0 0 0.1860888483)
(0.1 0 0.1860888483)
(0 0.1 0.1860888483)
(0.1 0.1 0.1860888483)
(0 0 0.1930156497)
(0.1 0 0.1930156497)
(0 0.1 0.1930156497)
(0.1 0.1 0.1930156497)
(0 0 0.2001054458)
(0.1 0 0.2001054458)
(0 0.1 0.2001054458)
(0.1 0.1 0.2001054458)
(0 0 0.207362072)
(0.1 0 0.207362072)
(0 0.1 0.207362072)
(0.1 0.1 0.207362072)
(0 0 0.2147894541)
(0.1 0 0.2147894541)
(0 0.1 0.2147894541)
(0.1 0.1 0.2147894541)
(0 0 0.22239161)
(0.1 0 0.22239161)
(0 0.1 0.22239161)
(0.1 0.1 0.22239161)
(0 0 0.2301726525)
(0.1 0 0.2301726525)
(0 0.1 0.2301726525)
(0.1 0.1 0.2301726525)
(0 0 0.2381367908)
(0.1 0 0.2381367908)
(0 0.1 0.2381367908)
(0.1 0.1 0.2381367908)
(0 0 0.2462883335)
(0.1 0 0.2462883335)
(0 0.1 0.2462883335)
(0.1 0.1 0.2462883335)
(0 0 0.2546316902)
(0.1 0 0.2546316902)
(0 0.1 0.2546316902)
(0.1 0.1 0.2546316902)
(0 0 0.2631713747)
(0.1 0 0.2631713747)
(0 0.1 0.2631713747)
(0.1 0.1 0.2631713747)
(0 0 0.2719120067)
(0.1 0 0.2719120067)
(0 0.1 0.2719120067)
(0.1 0.1 0.2719120067)
(0 0 0.2808583147)
(0.1 0 0.2808583147)
(0 0.1 0.2808583147)
(0.1 0.1 0.2808583147)
(0 0 0.2900151385)
(0.1 0 0.2900151385)
(0 0.1 0.2900151385)
(0.1 0.1 0.2900151385)
(0 0 0.2993874316)
(0.1 0 0.2993874316)
(0 0.1 0.2993874316)
(0.1 0.1 0.2993874316)
(0 0 0.3089802644)
(0.1 0 0.3089802644)
(0 0.1 0.3089802644)
(0.1 0.1 0.3089802644)
(0 0 0.3187988264)
(0.1 0 0.3187988264)
(0 0.1 0.3187988264)
(0.1 0.1 0.3187988264)
(0 0 0.3288484292)
(0.1 0 0.3288484292)
(0 0.1 0.3288484292)
(0.1 0.1 0.3288484292)
(0 0 0.3391345094)
(0.1 0 0.3391345094)
(0 0.1 0.3391345094)
(0.1 0.1 0.3391345094)
(0 0 0.3496626316)
(0.1 0 0.3496626316)
(0 0.1 0.3496626316)
(0.1 0.1 0.3496626316)
(0 0 0.3604384912)
(0.1 0 0.3604384912)
(0 0.1 0.3604384912)
(0.1 0.1 0.3604384912)
(0 0 0.3714679178)
(0.1 0 0.3714679178)
(0 0.1 0.3714679178)
(0.1 0.1 0.3714679178)
(0 0 0.3827568781)
(0.1 0 0.3827568781)
(0 0.1 0.3827568781)
(0.1 0.1 0.3827568781)
(0 0 0.3943114792)
(0.1 0 0.3943114792)
(0 0.1 0.3943114792)
(0.1 0.1 0.3943114792)
(0 0 0.4061379719)
(0.1 0 0.4061379719)
(0 0.1 0.4061379719)
(0.1 0.1 0.4061379719)
(0 0 0.418242754)
(0.1 0 0.418242754)
(0 0.1 0.418242754)
(0.1 0.1 0.418242754)
(0 0 0.430632374)
(0.1 0 0.430632374)
(0 0.1 0.430632374)
(0.1 0.1 0.430632374)
(0 0 0.4433135344)
(0.1 0 0.4433135344)
(0 0.1 0.4433135344)
(0.1 0.1 0.4433135344)
(0 0 0.4562930955)
(0.1 0 0.4562930955)
(0 0.1 0.4562930955)
(0.1 0.1 0.4562930955)
(0 0 0.469578079)
(0.1 0 0.469578079)
(0 0.1 0.469578079)
(0.1 0.1 0.469578079)
(0 0 0.4831756716)
(0.1 0 0.4831756716)
(0 0.1 0.4831756716)
(0.1 0.1 0.4831756716)
(0 0 0.4970932295)
(0.1 0 0.4970932295)
(0 0.1 0.4970932295)
(0.1 0.1 0.4970932295)
(0 0 0.5113382818)
(0.1 0 0.5113382818)
(0 0.1 0.5113382818)
(0.1 0.1 0.5113382818)
(0 0 0.5259185347)
(0.1 0 0.5259185347)
(0 0.1 0.5259185347)
(0.1 0.1 0.5259185347)
(0 0 0.5408418759)
(0.1 0 0.5408418759)
(0 0.1 0.5408418759)
(0.1 0.1 0.5408418759)
(0 0 0.5561163785)
(0.1 0 0.5561163785)
(0 0.1 0.5561163785)
(0.1 0.1 0.5561163785)
(0 0 0.5717503058)
(0.1 0 0.5717503058)
(0 0.1 0.5717503058)
(0.1 0.1 0.5717503058)
(0 0 0.5877521154)
(0.1 0 0.5877521154)
(0 0.1 0.5877521154)
(0.1 0.1 0.5877521154)
(0 0 0.6041304639)
(0.1 0 0.6041304639)
(0 0.1 0.6041304639)
(0.1 0.1 0.6041304639)
(0 0 0.6208942116)
(0.1 0 0.6208942116)
(0 0.1 0.6208942116)
(0.1 0.1 0.6208942116)
(0 0 0.6380524275)
(0.1 0 0.6380524275)
(0 0.1 0.6380524275)
(0.1 0.1 0.6380524275)
(0 0 0.6556143938)
(0.1 0 0.6556143938)
(0 0.1 0.6556143938)
(0.1 0.1 0.6556143938)
(0 0 0.6735896111)
(0.1 0 0.6735896111)
(0 0.1 0.6735896111)
(0.1 0.1 0.6735896111)
(0 0 0.6919878035)
(0.1 0 0.6919878035)
(0 0.1 0.6919878035)
(0.1 0.1 0.6919878035)
(0 0 0.7108189243)
(0.1 0 0.7108189243)
(0 0.1 0.7108189243)
(0.1 0.1 0.7108189243)
(0 0 0.7300931606)
(0.1 0 0.7300931606)
(0 0.1 0.7300931606)
(0.1 0.1 0.7300931606)
(0 0 0.7498209393)
(0.1 0 0.7498209393)
(0 0.1 0.7498209393)
(0.1 0.1 0.7498209393)
(0 0 0.7700129329)
(0.1 0 0.7700129329)
(0 0.1 0.7700129329)
(0.1 0.1 0.7700129329)
(0 0 0.7906800647)
(0.1 0 0.7906800647)
(0 0.1 0.7906800647)
(0.1 0.1 0.7906800647)
(0 0 0.8118335152)
(0.1 0 0.8118335152)
(0 0.1 0.8118335152)
(0.1 0.1 0.8118335152)
(0 0 0.833484728)
(0.1 0 0.833484728)
(0 0.1 0.833484728)
(0.1 0.1 0.833484728)
(0 0 0.855645416)
(0.1 0 0.855645416)
(0 0.1 0.855645416)
(0.1 0.1 0.855645416)
(0 0 0.8783275677)
(0.1 0 0.8783275677)
(0 0.1 0.8783275677)
(0.1 0.1 0.8783275677)
(0 0 0.9015434535)
(0.1 0 0.9015434535)
(0 0.1 0.9015434535)
(0.1 0.1 0.9015434535)
(0 0 0.9253056328)
(0.1 0 0.9253056328)
(0 0.1 0.9253056328)
(0.1 0.1 0.9253056328)
(0 0 0.9496269605)
(0.1 0 0.9496269605)
(0 0.1 0.9496269605)
(0.1 0.1 0.9496269605)
(0 0 0.974520594)
(0.1 0 0.974520594)
(0 0.1 0.974520594)
(0.1 0.1 0.974520594)
(0 0 1)
(0.1 0 1)
(0 0.1 1)
(0.1 0.1 1)
)


// ************************************************************************* //
