/*--------------------------------*- C++ -*----------------------------------*\
| =========                 |                                                 |
| \\      /  F ield         | OpenFOAM: The Open Source CFD Toolbox           |
|  \\    /   O peration     | Version:  2306                                  |
|   \\  /    A nd           | Website:  www.openfoam.com                      |
|    \\/     M anipulation  |                                                 |
\*---------------------------------------------------------------------------*/
FoamFile
{
    version     2.0;
    format      ascii;
    arch        "LSB;label=32;scalar=64";
    class       volVectorField;
    location    "2197";
    object      U;
}
// * * * * * * * * * * * * * * * * * * * * * * * * * * * * * * * * * * * * * //

dimensions      [0 1 -1 0 0 0 0];

internalField   nonuniform List<vector> 
2800
(
(2.29445e-16 3.00781e-16 1.9294)
(-1.75835e-15 -4.88065e-17 1.94453)
(-6.93741e-16 8.39267e-17 1.95709)
(-4.46055e-16 7.36725e-17 1.96812)
(-3.86775e-16 6.80308e-17 1.97763)
(-3.52429e-16 2.23781e-17 1.98556)
(-2.78169e-16 3.68594e-17 1.99189)
(-2.3872e-16 -2.8916e-17 1.99662)
(-2.473e-16 7.93083e-18 1.99977)
(-2.65759e-16 4.13694e-17 2.00134)
(-2.64787e-16 7.5275e-17 2.00134)
(-2.27841e-16 6.06632e-17 1.99977)
(-1.60163e-16 2.79205e-17 1.99662)
(-1.10935e-16 -4.52021e-17 1.99189)
(-8.29278e-17 -6.52631e-17 1.98556)
(-4.86294e-17 -1.86156e-17 1.97763)
(-1.23255e-17 5.6316e-17 1.96812)
(-2.57357e-18 7.87162e-17 1.95709)
(-5.07164e-17 7.86953e-17 1.94453)
(-9.33916e-17 4.01181e-17 1.9294)
(-6.48566e-17 -1.62862e-15 1.94457)
(-6.41601e-16 -5.42806e-16 1.96278)
(-5.81283e-16 -2.15982e-16 1.97799)
(-4.31978e-16 -9.25758e-17 1.99115)
(-4.1261e-16 -1.96535e-17 2.00239)
(-3.16299e-16 2.14899e-18 2.01174)
(-2.7111e-16 2.66733e-17 2.01921)
(-2.57048e-16 1.17801e-17 2.02479)
(-2.10554e-16 -3.17477e-17 2.02851)
(-2.291e-16 -1.16133e-17 2.03036)
(-2.75159e-16 2.24343e-17 2.03036)
(-2.32164e-16 1.16109e-16 2.0285)
(-2.0249e-16 1.6484e-16 2.02479)
(-1.93778e-16 9.79737e-17 2.01921)
(-8.71134e-17 7.78081e-17 2.01174)
(5.66694e-19 1.00114e-16 2.00239)
(2.2409e-17 1.22825e-16 1.99115)
(-4.04274e-17 1.33388e-16 1.97799)
(-9.08087e-17 1.10799e-16 1.96278)
(-6.14695e-17 8.09979e-17 1.94457)
(7.94879e-18 -5.94799e-16 1.95711)
(-3.27487e-16 -5.1747e-16 1.97799)
(-3.84356e-16 -3.01609e-16 1.99579)
(-3.45212e-16 -2.17303e-16 2.01097)
(-3.40711e-16 -1.15956e-16 2.02381)
(-3.31196e-16 -4.17429e-17 2.03443)
(-2.76774e-16 -5.18596e-17 2.04289)
(-2.88346e-16 5.0622e-17 2.04921)
(-2.65177e-16 -4.39487e-17 2.05341)
(-1.97403e-16 -5.05437e-17 2.05551)
(-1.14872e-16 1.59368e-18 2.05551)
(-6.69153e-17 1.6495e-16 2.05341)
(-1.72261e-16 8.66273e-17 2.04921)
(-1.98474e-16 1.2026e-16 2.04289)
(-7.5087e-17 8.98668e-17 2.03443)
(-1.71309e-17 1.17174e-16 2.02381)
(-2.32314e-17 1.7114e-16 2.01097)
(-6.7949e-17 1.55531e-16 1.99579)
(-1.20565e-16 1.36912e-16 1.97799)
(-7.43789e-17 9.41572e-17 1.95712)
(-3.66443e-17 -3.5374e-16 1.96814)
(-2.20027e-16 -3.43304e-16 1.99116)
(-2.98244e-16 -2.83869e-16 2.01098)
(-2.88519e-16 -2.47245e-16 2.02788)
(-2.65003e-16 -1.83406e-16 2.04213)
(-2.7201e-16 -1.12113e-16 2.05388)
(-1.97373e-16 -1.61106e-16 2.0632)
(-2.4895e-16 -8.95332e-17 2.07017)
(-3.12481e-16 -4.98841e-17 2.0748)
(-1.75164e-16 1.40454e-17 2.07711)
(-3.85525e-17 8.69602e-17 2.07711)
(-1.342e-16 3.10756e-17 2.0748)
(-2.29289e-16 -7.27838e-17 2.07017)
(-1.60825e-16 2.01907e-18 2.0632)
(-5.27247e-17 -7.04396e-17 2.05387)
(9.63748e-17 -1.47659e-17 2.04213)
(5.53668e-17 1.96451e-17 2.02788)
(-8.82901e-17 6.47337e-17 2.01097)
(-1.4187e-16 5.0872e-17 1.99116)
(-6.83957e-17 8.7375e-17 1.96814)
(-6.40476e-17 -3.08204e-16 1.97766)
(-1.63613e-16 -2.69548e-16 2.00241)
(-2.71232e-16 -2.15204e-16 2.02382)
(-2.48848e-16 -1.46971e-16 2.04214)
(-2.10314e-16 -8.80288e-17 2.05757)
(-3.21449e-16 -1.0051e-16 2.07027)
(-2.62287e-16 -1.35899e-16 2.08035)
(-1.76909e-16 -1.9287e-16 2.08787)
(-1.53193e-16 -3.88825e-17 2.09287)
(-5.65424e-17 -5.24866e-17 2.09536)
(-9.92058e-17 -8.03564e-17 2.09536)
(-2.2479e-16 -1.92065e-16 2.09286)
(-1.85532e-16 -8.3543e-17 2.08787)
(-1.63145e-16 -7.08794e-18 2.08035)
(-4.59097e-17 -7.64385e-17 2.07027)
(1.03745e-16 -6.70922e-17 2.05757)
(6.87511e-17 -1.4776e-16 2.04213)
(-3.46171e-17 -4.74531e-17 2.02382)
(-6.49327e-17 -6.99146e-18 2.00241)
(-3.0084e-17 5.81002e-17 1.97766)
(-1.02328e-17 -2.54287e-16 1.98559)
(-8.84497e-17 -2.50709e-16 2.01177)
(-1.60936e-16 -1.96562e-16 2.03445)
(-1.6069e-16 -1.17081e-16 2.05388)
(-2.02726e-16 -3.71667e-17 2.07027)
(-3.12002e-16 -8.28504e-17 2.08377)
(-2.92791e-16 -4.55701e-17 2.09448)
(-1.52484e-16 -4.12113e-17 2.10246)
(-1.65011e-16 -2.05141e-18 2.10777)
(-2.17085e-16 -8.22823e-17 2.11041)
(-1.81323e-16 -2.04942e-16 2.11041)
(-1.27483e-16 -2.18823e-16 2.10777)
(-3.07236e-17 -9.65893e-17 2.10246)
(-1.36284e-16 1.71279e-18 2.09448)
(-9.2776e-17 -3.01855e-17 2.08377)
(3.27968e-17 -2.81694e-19 2.07027)
(6.32173e-17 -1.02665e-17 2.05388)
(4.31316e-17 1.45332e-17 2.03445)
(-4.79873e-17 1.17966e-16 2.01177)
(-5.20865e-17 1.01891e-16 1.98559)
(-6.10029e-17 -2.27357e-16 1.99192)
(-8.42423e-17 -1.97288e-16 2.01923)
(-1.39606e-16 -2.1151e-16 2.0429)
(-1.06129e-16 -2.5437e-16 2.06321)
(-1.78081e-16 -1.97275e-16 2.08036)
(-3.28423e-16 -1.93939e-16 2.09448)
(-2.28916e-16 -1.75832e-16 2.10569)
(-1.34951e-16 -9.19617e-17 2.11405)
(-1.93784e-16 -8.6225e-17 2.1196)
(-2.61014e-16 -3.20075e-17 2.12237)
(-2.35508e-16 -7.70404e-17 2.12237)
(-1.10072e-16 -1.90816e-17 2.1196)
(3.71352e-17 1.53346e-17 2.11405)
(-9.65426e-17 3.73603e-17 2.10569)
(-4.69597e-17 7.21771e-17 2.09448)
(1.20644e-16 7.41953e-17 2.08035)
(5.15821e-17 1.30895e-16 2.06321)
(5.73364e-17 7.3789e-17 2.0429)
(-1.77835e-17 1.25071e-16 2.01923)
(-1.10358e-16 8.06571e-17 1.99192)
(-2.14228e-17 -2.00787e-16 1.99665)
(-6.65813e-17 -1.71401e-16 2.02481)
(-2.21075e-16 -1.32686e-16 2.04922)
(-1.64062e-16 -1.66737e-16 2.07018)
(-1.51186e-16 -1.6841e-16 2.08788)
(-2.97728e-16 -1.74274e-16 2.10247)
(-2.09696e-16 -1.7137e-16 2.11405)
(-7.16952e-17 -1.56693e-16 2.12269)
(-1.05267e-16 -1.12154e-16 2.12843)
(-2.05832e-16 -7.79838e-17 2.13129)
(-1.66794e-16 2.19121e-17 2.13129)
(-3.39692e-17 7.30975e-17 2.12843)
(1.85538e-17 7.75226e-17 2.12269)
(-8.52381e-17 8.09984e-17 2.11405)
(-5.59499e-17 1.30877e-16 2.10247)
(8.32147e-17 9.10063e-17 2.08788)
(4.60986e-17 6.14067e-17 2.07018)
(2.14598e-17 4.85169e-17 2.04922)
(-5.52268e-17 4.2723e-17 2.02481)
(-1.0706e-16 2.3199e-17 1.99665)
(-4.31907e-17 -1.68426e-16 1.99979)
(-1.55217e-17 -2.07537e-16 2.02853)
(-1.3351e-16 -1.73518e-16 2.05343)
(-1.45867e-16 -1.04654e-16 2.07481)
(-1.86127e-16 -1.46242e-16 2.09287)
(-3.32255e-16 -1.20145e-16 2.10777)
(-2.222e-16 -8.9493e-17 2.1196)
(-8.45938e-17 -1.19819e-16 2.12843)
(-1.15519e-16 -9.81222e-17 2.13429)
(-1.25723e-16 -8.02081e-17 2.13722)
(-8.22614e-17 6.2664e-18 2.13722)
(-5.38329e-17 -4.93568e-18 2.13429)
(4.04369e-17 -6.99541e-17 2.12843)
(-4.70527e-17 -2.40645e-17 2.1196)
(-3.18922e-17 1.74679e-17 2.10777)
(5.67347e-17 -3.01551e-17 2.09287)
(1.65198e-17 -7.43721e-17 2.07481)
(3.74915e-17 -3.06285e-18 2.05343)
(-3.57369e-17 -4.26735e-17 2.02852)
(-8.95935e-17 -3.19288e-17 1.99979)
(-9.01664e-17 -1.48152e-16 2.00137)
(-7.59024e-17 -1.16205e-16 2.03038)
(-1.29755e-16 -2.1551e-16 2.05553)
(-1.44284e-16 -1.69235e-16 2.07712)
(-1.68969e-16 -2.02498e-16 2.09537)
(-2.45335e-16 -1.39814e-16 2.11042)
(-2.17654e-16 5.88612e-18 2.12237)
(-8.58127e-17 -4.09018e-17 2.13129)
(-6.87545e-17 -5.51754e-17 2.13722)
(-1.0265e-16 -3.32576e-17 2.14018)
(-9.16598e-17 2.70186e-18 2.14018)
(-1.08759e-16 -2.99472e-17 2.13722)
(1.1367e-19 -6.96936e-17 2.13129)
(3.28056e-18 -1.34875e-16 2.12237)
(-5.23389e-17 -3.52082e-17 2.11042)
(4.30796e-18 -1.61075e-16 2.09537)
(8.42262e-17 -1.08526e-16 2.07712)
(6.28671e-17 -7.67556e-17 2.05553)
(-7.16405e-17 -1.00518e-16 2.03038)
(-6.52421e-17 -7.28079e-17 2.00137)
(-8.03973e-20 -1.34816e-16 2.00137)
(-8.68771e-17 -1.23989e-16 2.03038)
(-1.92508e-16 -1.77331e-16 2.05553)
(-1.45786e-16 -1.99311e-16 2.07712)
(-1.66944e-16 -1.84119e-16 2.09537)
(-1.35071e-16 -1.15719e-16 2.11042)
(-1.31139e-16 1.32104e-17 2.12237)
(-1.49582e-16 -3.87026e-17 2.13129)
(-1.11184e-16 -8.15036e-17 2.13722)
(-6.94924e-17 -6.90125e-17 2.14018)
(-8.01655e-17 3.69024e-17 2.14018)
(-1.26364e-16 -2.87805e-17 2.13722)
(-6.28779e-17 -1.05372e-16 2.13129)
(-1.00337e-17 -1.7236e-16 2.12237)
(-4.9255e-17 -9.25526e-17 2.11042)
(-4.3802e-18 -1.49209e-16 2.09536)
(1.09303e-16 -8.79989e-17 2.07712)
(5.89949e-17 -8.98612e-17 2.05553)
(-1.90329e-17 -1.0853e-16 2.03038)
(-1.94927e-18 -4.32551e-17 2.00137)
(-6.98453e-17 -1.12756e-16 1.99979)
(-1.29471e-16 -1.90691e-16 2.02853)
(-2.13242e-16 -1.928e-16 2.05343)
(-1.63681e-16 -1.91439e-16 2.07481)
(-9.87457e-17 -1.67397e-16 2.09287)
(-6.09591e-17 -9.68142e-17 2.10777)
(-1.47338e-16 -1.18976e-16 2.1196)
(-1.84167e-16 -1.55627e-16 2.12843)
(-1.01946e-16 -1.55047e-16 2.13429)
(1.43578e-17 -1.01815e-16 2.13722)
(-5.21813e-17 -3.92334e-18 2.13722)
(-2.5203e-16 -6.14728e-17 2.13429)
(-1.42283e-16 -9.49953e-17 2.12842)
(1.85841e-17 -1.08424e-16 2.1196)
(-2.28639e-17 -1.13387e-16 2.10777)
(1.32501e-17 -1.51229e-16 2.09287)
(1.50504e-16 -1.55776e-16 2.07481)
(5.58343e-17 -1.46939e-16 2.05343)
(-1.78612e-17 -1.24828e-16 2.02852)
(3.0624e-17 -3.59933e-17 1.99979)
(-6.56005e-17 -1.12086e-16 1.99665)
(-1.85503e-16 -7.96751e-17 2.02481)
(-2.16733e-16 -8.37313e-17 2.04922)
(-1.40315e-16 -6.57433e-17 2.07018)
(-8.76427e-17 -9.85979e-17 2.08788)
(-9.98742e-17 -1.19636e-16 2.10247)
(-1.97472e-16 -1.85226e-16 2.11405)
(-1.9196e-16 -1.12957e-16 2.12269)
(-5.92704e-17 -1.39371e-16 2.12842)
(8.2013e-17 -8.21212e-17 2.13129)
(-3.88932e-17 -7.6291e-17 2.13129)
(-2.18382e-16 1.97347e-17 2.12842)
(-1.11577e-16 6.88999e-17 2.12268)
(-2.71484e-17 8.70385e-18 2.11404)
(-8.55069e-17 -3.44234e-20 2.10246)
(-4.05356e-17 -1.49433e-17 2.08787)
(1.26168e-16 -6.30751e-17 2.07018)
(1.06062e-16 -1.2059e-16 2.04922)
(9.9629e-17 -3.54933e-17 2.02481)
(8.13216e-17 4.04078e-17 1.99665)
(-7.40339e-18 -1.31389e-16 1.99192)
(-1.38869e-16 -2.71538e-17 2.01923)
(-2.22249e-16 -9.39917e-18 2.0429)
(-1.93468e-16 -8.4484e-18 2.06321)
(-1.66416e-16 -1.55772e-17 2.08036)
(-1.66758e-16 2.8565e-17 2.09448)
(-1.59127e-16 4.71516e-17 2.10569)
(-1.47645e-16 6.79977e-17 2.11404)
(-7.27425e-17 6.60732e-17 2.1196)
(8.06754e-17 1.60839e-17 2.12237)
(5.30352e-17 -9.79735e-17 2.12237)
(-1.08668e-16 3.03114e-17 2.1196)
(-1.58912e-16 8.24721e-17 2.11404)
(-4.93362e-17 9.85562e-17 2.10568)
(-4.16321e-17 1.12122e-16 2.09448)
(-4.90057e-17 8.86081e-17 2.08035)
(5.71844e-17 4.03022e-17 2.06321)
(9.54709e-17 -4.6066e-17 2.0429)
(1.41464e-16 -3.57721e-17 2.01923)
(8.17766e-17 -2.53942e-18 1.99192)
(4.10312e-17 -1.20972e-16 1.98559)
(-1.0519e-16 -8.05569e-17 2.01177)
(-2.16765e-16 -6.71835e-17 2.03445)
(-1.48187e-16 -1.04539e-16 2.05388)
(-5.23568e-17 -1.18159e-16 2.07027)
(-4.93739e-17 2.20782e-17 2.08377)
(-1.6933e-16 2.88523e-17 2.09448)
(-1.78194e-16 4.07845e-17 2.10246)
(-1.10948e-16 6.46562e-17 2.10776)
(-7.86812e-17 5.37213e-17 2.11041)
(-1.87321e-17 4.85239e-17 2.11041)
(-3.47238e-17 1.57476e-17 2.10776)
(-4.96578e-17 9.69838e-17 2.10246)
(-6.85931e-18 1.21402e-16 2.09448)
(-1.02752e-16 9.62291e-17 2.08377)
(-1.21986e-16 8.72729e-17 2.07027)
(-1.17087e-17 3.7602e-17 2.05388)
(4.12919e-17 2.58066e-17 2.03445)
(1.4701e-16 -2.95982e-17 2.01176)
(1.21522e-16 -1.9941e-17 1.98559)
(-1.44918e-17 -1.12895e-16 1.97766)
(-1.24667e-16 -1.39756e-16 2.00241)
(-2.63422e-16 -7.14537e-17 2.02382)
(-2.30961e-16 -1.29393e-16 2.04214)
(-3.20926e-17 -1.45894e-16 2.05757)
(-2.38505e-17 -1.06112e-16 2.07027)
(-1.4302e-16 -1.24501e-16 2.08035)
(-1.06159e-16 -5.75553e-17 2.08787)
(-4.89817e-17 -1.55987e-17 2.09286)
(7.61636e-17 6.05215e-17 2.09536)
(2.46363e-17 1.32173e-16 2.09536)
(-5.62619e-17 7.04712e-17 2.09286)
(-5.91287e-17 9.34622e-17 2.08787)
(-6.00048e-17 6.52589e-17 2.08035)
(-8.99952e-17 3.06429e-17 2.07027)
(-1.25059e-16 1.32375e-16 2.05756)
(-2.14177e-17 9.24381e-17 2.04213)
(3.29197e-17 1.26901e-16 2.02382)
(1.19422e-16 1.24298e-16 2.00241)
(1.65454e-16 4.16906e-17 1.97766)
(-7.79985e-17 -1.32153e-16 1.96814)
(-1.15603e-16 -1.45342e-16 1.99116)
(-2.46014e-16 -5.19139e-17 2.01097)
(-2.25592e-16 1.00326e-17 2.02788)
(-4.23804e-17 1.12628e-16 2.04213)
(-3.829e-17 -2.90561e-17 2.05387)
(-1.25675e-16 -6.29051e-17 2.0632)
(-5.9926e-17 -2.93262e-17 2.07017)
(2.25506e-17 -1.2711e-18 2.07479)
(8.87104e-17 1.48329e-17 2.0771)
(2.24065e-18 -4.87027e-17 2.0771)
(-6.92165e-17 1.70501e-17 2.07479)
(-6.5282e-17 -1.85694e-17 2.07016)
(-8.65925e-17 4.98769e-18 2.0632)
(-5.43932e-17 -7.15474e-18 2.05387)
(-8.84547e-17 8.71261e-17 2.04213)
(-4.61827e-17 9.03479e-17 2.02788)
(5.06784e-17 9.0592e-17 2.01097)
(7.48336e-17 1.63078e-16 1.99116)
(6.92002e-17 5.32524e-17 1.96814)
(-7.68025e-17 -1.52582e-16 1.95712)
(-1.02789e-16 -1.07797e-16 1.97799)
(-1.48193e-16 -5.04434e-17 1.99579)
(-7.70153e-17 8.00971e-17 2.01097)
(-8.14191e-17 1.15923e-16 2.02381)
(-2.26679e-16 3.23271e-18 2.03443)
(-1.52415e-16 -7.45268e-17 2.04289)
(-2.80043e-17 -6.40031e-17 2.04921)
(1.56533e-17 -3.03787e-17 2.05341)
(4.83469e-17 -7.02992e-17 2.05551)
(4.18723e-17 -1.54785e-16 2.05551)
(-2.20113e-17 -8.47345e-17 2.05341)
(-8.42192e-17 -1.00754e-16 2.04921)
(-6.9332e-17 -5.88176e-17 2.04289)
(-2.5626e-17 -2.56133e-17 2.03443)
(-5.59334e-17 5.74804e-17 2.02381)
(-6.86117e-17 3.52286e-17 2.01097)
(5.16142e-17 1.29062e-17 1.99579)
(5.61557e-17 4.52177e-17 1.97799)
(-1.38484e-18 2.94455e-17 1.95712)
(-6.4835e-17 -8.26273e-17 1.94457)
(-6.04023e-17 -5.072e-17 1.96278)
(-7.05257e-17 -3.15653e-18 1.97799)
(-5.40855e-17 6.06143e-17 1.99115)
(-1.19476e-16 -3.04115e-17 2.00239)
(-2.5509e-16 1.11554e-17 2.01174)
(-1.83626e-16 8.71004e-18 2.01921)
(5.28322e-18 2.71482e-17 2.02479)
(3.66038e-17 -3.24857e-17 2.0285)
(-2.08148e-17 -5.32826e-17 2.03036)
(6.50627e-18 -8.3637e-17 2.03036)
(-3.92646e-18 -1.0337e-16 2.0285)
(-4.11738e-17 -8.6577e-17 2.02479)
(-2.84155e-17 -8.53115e-17 2.01921)
(4.88315e-17 -5.90446e-17 2.01174)
(-5.77159e-17 -4.40775e-17 2.00239)
(-1.47999e-16 -6.73788e-18 1.99115)
(3.20728e-18 8.33098e-19 1.97799)
(4.88931e-17 -3.05585e-17 1.96278)
(-1.45846e-17 -1.34046e-17 1.94457)
(-8.69338e-18 3.73822e-18 1.9294)
(-3.35243e-17 -3.25675e-17 1.94453)
(-3.65782e-17 -2.60875e-17 1.95709)
(-8.69526e-17 -4.8048e-17 1.96812)
(-1.39701e-16 -7.30296e-17 1.97763)
(-2.0273e-16 1.18925e-17 1.98556)
(-1.22112e-16 6.30053e-17 1.99189)
(-4.88816e-17 3.81882e-17 1.99662)
(-5.25929e-17 -9.43794e-17 1.99977)
(1.44048e-17 -5.9356e-17 2.00134)
(1.33001e-17 -6.26989e-17 2.00134)
(-8.45353e-18 -4.51949e-17 1.99977)
(-6.11901e-17 -4.46071e-17 1.99662)
(-5.98901e-17 -6.0661e-17 1.99189)
(9.29461e-18 -8.34102e-17 1.98556)
(-1.08516e-17 -1.24154e-16 1.97763)
(-6.9605e-17 -2.46979e-17 1.96812)
(-3.69366e-17 4.4681e-18 1.95709)
(3.13631e-17 3.48585e-18 1.94453)
(2.47795e-17 3.44609e-18 1.9294)
(-4.99517e-17 3.60366e-17 1.90125)
(-3.412e-18 3.92425e-17 1.86689)
(2.14557e-17 3.47484e-17 1.83127)
(4.81104e-17 -1.92035e-17 1.79464)
(5.88309e-17 -3.66204e-17 1.75706)
(3.64076e-17 -3.18809e-17 1.71856)
(7.11156e-18 -4.63672e-18 1.67909)
(-1.17486e-17 6.18874e-18 1.63857)
(-4.09548e-17 1.92654e-17 1.5969)
(-9.59433e-17 5.26022e-17 1.5539)
(-1.34187e-16 7.42183e-17 1.50931)
(-1.30833e-16 6.62131e-17 1.46283)
(-1.12962e-16 5.31394e-17 1.41411)
(-9.44605e-17 4.02797e-17 1.36276)
(-6.52439e-17 1.84875e-17 1.30829)
(-4.28139e-17 4.53965e-18 1.25011)
(-2.75874e-17 8.105e-19 1.18756)
(-3.05097e-18 -1.14312e-17 1.11988)
(1.85103e-17 -2.13973e-17 1.04627)
(1.98676e-17 -1.34221e-17 0.966)
(1.25045e-17 9.72772e-19 0.878512)
(8.6848e-18 1.06033e-17 0.783075)
(9.44716e-18 1.46144e-17 0.679744)
(1.27724e-17 1.43702e-17 0.571422)
(1.51103e-17 1.28337e-17 0.463456)
(1.4223e-17 1.19563e-17 0.360961)
(1.15595e-17 1.08012e-17 0.266611)
(8.77381e-18 8.32708e-18 0.180903)
(5.60743e-18 5.14832e-18 0.103363)
(1.86431e-18 1.98185e-18 0.0332827)
(1.80256e-17 8.55076e-17 1.91624)
(3.94011e-17 5.38849e-17 1.88127)
(4.34699e-18 8.41474e-17 1.84558)
(4.82976e-18 4.53945e-17 1.80904)
(3.61813e-17 5.21906e-18 1.77162)
(2.42377e-17 -1.79549e-17 1.73331)
(2.15298e-17 -3.86429e-17 1.69406)
(-2.37771e-18 -3.70791e-17 1.65379)
(-2.52936e-17 -3.58252e-17 1.6124)
(-3.55522e-17 -2.8628e-17 1.56972)
(-3.7702e-17 -1.8793e-17 1.52557)
(-3.45709e-17 -8.26592e-18 1.47961)
(-3.71332e-17 6.45427e-19 1.43149)
(-3.8573e-17 1.01175e-17 1.3808)
(-2.61387e-17 6.40378e-18 1.32705)
(6.13311e-18 -1.18634e-17 1.26968)
(1.8733e-17 -1.52826e-17 1.208)
(7.10984e-18 -1.0148e-18 1.14124)
(3.40405e-18 7.37622e-18 1.06855)
(5.13989e-18 1.20318e-17 0.989107)
(8.58059e-18 1.60807e-17 0.902201)
(1.30194e-17 1.9154e-17 0.807077)
(1.9821e-17 1.9363e-17 0.70344)
(2.09816e-17 2.17454e-17 0.593488)
(1.57081e-17 2.55792e-17 0.482507)
(1.15981e-17 2.57642e-17 0.376228)
(1.03803e-17 2.18142e-17 0.278005)
(9.51498e-18 1.63912e-17 0.188664)
(7.26488e-18 1.09673e-17 0.107808)
(2.19511e-18 2.99072e-18 0.0347173)
(-2.52302e-17 1.17143e-16 1.92844)
(5.12774e-18 7.90918e-17 1.89373)
(-9.7304e-18 6.20616e-17 1.85818)
(1.06661e-17 5.95834e-17 1.82177)
(4.13685e-17 2.20052e-17 1.78452)
(2.99808e-17 2.02419e-18 1.74639)
(2.29573e-17 -2.61096e-17 1.70734)
(2.70479e-17 -3.62688e-17 1.66729)
(4.14292e-17 -5.58559e-17 1.62614)
(4.34358e-17 -6.20267e-17 1.58374)
(2.95005e-17 -5.41041e-17 1.53991)
(3.82265e-18 -4.06564e-17 1.49436)
(-1.69447e-17 -3.24411e-17 1.4467)
(-2.96483e-17 -2.61389e-17 1.39653)
(-3.43316e-17 -2.20237e-17 1.34337)
(-3.17636e-17 -2.32167e-17 1.28665)
(-3.48431e-17 -2.53078e-17 1.2257)
(-2.25185e-17 -3.54957e-17 1.15972)
(-5.48681e-18 -4.64876e-17 1.08783)
(9.26393e-19 -4.83907e-17 1.00914)
(1.05859e-18 -4.45154e-17 0.922819)
(9.27845e-19 -3.86556e-17 0.828101)
(-8.73041e-19 -3.05597e-17 0.724393)
(-1.00446e-17 -1.73911e-17 0.613235)
(-1.32659e-17 -8.26742e-18 0.499732)
(-8.18799e-18 -5.43451e-18 0.390105)
(-3.62862e-18 -3.38981e-18 0.288377)
(-7.93925e-19 -1.32702e-18 0.195729)
(1.32163e-18 -1.53905e-19 0.111852)
(4.00587e-19 1.34397e-19 0.0360218)
(-1.61871e-17 8.25567e-17 1.93874)
(-3.1667e-17 9.50666e-17 1.90437)
(-2.44634e-17 7.7562e-17 1.86904)
(7.36831e-18 7.9534e-17 1.83283)
(1.39645e-17 7.44639e-17 1.79574)
(9.56784e-18 8.20174e-17 1.75778)
(6.8936e-17 5.64346e-17 1.71891)
(8.90671e-17 3.29979e-17 1.67905)
(7.21583e-17 2.85358e-17 1.63811)
(8.02424e-17 1.36128e-17 1.59594)
(7.43739e-17 9.78557e-18 1.55236)
(5.46678e-17 1.54594e-17 1.50711)
(5.04013e-17 1.35593e-17 1.45982)
(6.4293e-17 5.02361e-18 1.41008)
(7.34456e-17 7.73349e-18 1.3574)
(5.90196e-17 2.45172e-17 1.30124)
(4.20795e-17 4.15957e-17 1.2409)
(3.995e-17 5.07606e-17 1.17559)
(4.22827e-17 5.63788e-17 1.1044)
(4.5433e-17 5.96025e-17 1.02639)
(4.87298e-17 6.12629e-17 0.940637)
(4.96847e-17 6.29478e-17 0.846363)
(4.74827e-17 6.39049e-17 0.742733)
(3.90175e-17 6.41844e-17 0.630704)
(2.52021e-17 6.46301e-17 0.515122)
(1.76287e-17 5.87576e-17 0.402576)
(1.88372e-17 4.55554e-17 0.297718)
(1.54976e-17 3.28703e-17 0.202095)
(9.79639e-18 2.02625e-17 0.115497)
(3.60117e-18 7.2229e-18 0.0371975)
(-7.43587e-17 1.8415e-17 1.94746)
(-6.90938e-17 -6.93555e-18 1.91337)
(-4.83731e-17 -3.55915e-18 1.87825)
(-2.63022e-18 2.46863e-17 1.84221)
(3.67921e-17 2.58839e-17 1.80529)
(4.34205e-17 3.38556e-17 1.76749)
(5.44451e-19 5.65641e-17 1.72877)
(-3.32352e-17 5.03058e-17 1.68908)
(-8.47439e-18 3.94199e-17 1.6483)
(1.26636e-17 3.55023e-17 1.60631)
(2.30576e-17 3.10183e-17 1.56294)
(7.03281e-18 3.4961e-17 1.51794)
(-3.52964e-18 4.02912e-17 1.47095)
(2.8059e-17 2.35383e-17 1.42155)
(5.78541e-17 8.56829e-18 1.36927)
(4.81108e-17 1.08247e-17 1.31356)
(2.72217e-17 2.17651e-17 1.25373)
(2.24368e-17 2.57937e-17 1.18898)
(1.52767e-17 3.00602e-17 1.1184)
(5.9463e-18 3.4624e-17 1.04097)
(1.02154e-17 3.25854e-17 0.95574)
(1.45715e-17 3.0425e-17 0.8619)
(4.09488e-18 3.40303e-17 0.75843)
(-1.54742e-18 3.4667e-17 0.645789)
(5.18502e-18 2.90807e-17 0.528531)
(1.06107e-17 2.34612e-17 0.413502)
(1.02462e-17 1.85898e-17 0.305921)
(7.60918e-18 1.26844e-17 0.207688)
(3.56391e-18 5.22417e-18 0.118699)
(2.64148e-18 5.08787e-18 0.0382306)
(-1.02833e-16 5.63442e-17 1.95468)
(-7.39025e-17 2.61667e-17 1.9208)
(4.28078e-17 1.78179e-17 1.88587)
(8.23936e-17 2.6693e-17 1.84998)
(4.0606e-17 2.35544e-17 1.8132)
(1.98971e-17 2.13202e-17 1.77553)
(3.97966e-18 1.28362e-17 1.73695)
(2.07092e-17 5.85599e-18 1.69738)
(7.74793e-17 -6.09719e-18 1.65675)
(9.93652e-17 -8.22788e-18 1.61491)
(7.37223e-17 1.24237e-18 1.57171)
(6.06935e-17 9.8256e-18 1.5269)
(4.13217e-17 2.4998e-17 1.48016)
(2.83644e-17 3.18223e-17 1.43104)
(3.25388e-17 2.4494e-17 1.37909)
(3.34663e-17 1.6591e-17 1.32374)
(3.16021e-17 1.1547e-17 1.26433)
(1.23627e-17 1.44015e-17 1.20005)
(-7.78505e-18 1.88566e-17 1.12996)
(-1.46669e-17 2.04814e-17 1.05303)
(-8.55385e-18 1.85486e-17 0.96824)
(-1.4918e-18 1.64114e-17 0.874726)
(1.36137e-18 1.56164e-17 0.771374)
(1.84632e-18 1.62284e-17 0.658311)
(4.31956e-18 1.62886e-17 0.539747)
(5.06452e-18 1.60829e-17 0.422688)
(5.29148e-18 1.43694e-17 0.31283)
(4.53808e-18 1.0151e-17 0.212402)
(1.69686e-18 3.33389e-18 0.121399)
(2.68196e-18 6.04238e-18 0.0391016)
(-1.29717e-16 8.18912e-17 1.96044)
(-3.18424e-17 1.11487e-16 1.92672)
(4.2193e-17 9.8499e-17 1.89193)
(2.05098e-17 9.3854e-17 1.85617)
(2.82748e-17 1.12161e-16 1.8195)
(4.32315e-17 1.13574e-16 1.78194)
(3.01494e-17 1.30649e-16 1.74346)
(6.2231e-17 1.47811e-16 1.704)
(1.1041e-16 1.44966e-16 1.66348)
(1.22962e-16 1.35789e-16 1.62176)
(1.39228e-16 1.25853e-16 1.57868)
(1.56513e-16 1.14807e-16 1.53404)
(1.32854e-16 1.15443e-16 1.48749)
(9.16184e-17 1.22526e-16 1.4386)
(7.39863e-17 1.2334e-16 1.3869)
(7.28244e-17 1.23044e-16 1.33185)
(7.76125e-17 1.22335e-16 1.27277)
(8.85424e-17 1.21331e-16 1.20885)
(8.85748e-17 1.2231e-16 1.13915)
(7.97035e-17 1.25252e-16 1.06262)
(6.96123e-17 1.26756e-16 0.978182)
(5.51353e-17 1.27237e-16 0.884897)
(4.20306e-17 1.24394e-16 0.78162)
(4.06638e-17 1.15099e-16 0.668273)
(4.18677e-17 1.01791e-16 0.548726)
(3.51545e-17 8.72778e-17 0.430075)
(2.50333e-17 7.0854e-17 0.318397)
(1.65411e-17 5.13352e-17 0.216203)
(9.31854e-18 2.89349e-17 0.123575)
(3.93906e-18 1.35392e-17 0.0398039)
(-5.16915e-17 6.11835e-17 1.96474)
(-2.20584e-17 1.20178e-16 1.93114)
(1.00862e-17 6.57349e-17 1.89646)
(6.90649e-17 4.90498e-17 1.86079)
(4.87421e-17 6.44873e-17 1.82421)
(2.36282e-17 8.43026e-17 1.78673)
(5.39445e-17 8.39352e-17 1.74833)
(4.26573e-17 9.7339e-17 1.70895)
(-3.81308e-18 1.2328e-16 1.66851)
(-4.03634e-17 1.38804e-16 1.62688)
(-7.96842e-17 1.50833e-16 1.5839)
(-9.53219e-17 1.54043e-16 1.53937)
(-1.00062e-16 1.55117e-16 1.49295)
(-9.76606e-17 1.58767e-16 1.44423)
(-6.25901e-17 1.57935e-16 1.39272)
(-2.00315e-17 1.53165e-16 1.33788)
(6.56914e-18 1.53299e-16 1.27904)
(-1.08908e-18 1.5968e-16 1.21539)
(-1.70976e-17 1.65724e-16 1.14599)
(-2.43821e-17 1.68375e-16 1.06975)
(-2.23649e-17 1.67194e-16 0.985579)
(-1.27936e-17 1.62517e-16 0.892479)
(-3.29847e-18 1.54407e-16 0.78928)
(9.12925e-18 1.41117e-16 0.675753)
(1.4569e-17 1.24643e-16 0.555503)
(1.4043e-17 1.05382e-16 0.43567)
(1.26298e-17 8.33162e-17 0.32262)
(1.06273e-17 5.88361e-17 0.219086)
(6.17557e-18 3.29771e-17 0.125227)
(3.21234e-18 1.43001e-17 0.0403369)
(-3.57376e-17 -9.25897e-18 1.9676)
(-7.28802e-17 -1.15173e-17 1.93409)
(-7.76495e-17 7.32265e-18 1.89947)
(-1.22054e-17 2.44373e-17 1.86387)
(2.84331e-17 1.24771e-18 1.82734)
(2.13239e-17 6.39545e-18 1.78992)
(-7.71403e-18 -1.12348e-17 1.75156)
(4.92474e-17 -3.48157e-17 1.71224)
(8.35125e-17 -4.54059e-17 1.67185)
(5.09705e-17 -4.78484e-17 1.63028)
(2.62475e-17 -5.20269e-17 1.58737)
(1.71025e-17 -5.27574e-17 1.54291)
(5.13172e-18 -5.39462e-17 1.49658)
(-1.32157e-17 -4.99989e-17 1.44796)
(-4.23604e-17 -4.6695e-17 1.39657)
(-4.77564e-17 -4.8764e-17 1.34187)
(-2.72221e-17 -5.55468e-17 1.28319)
(-1.72182e-17 -5.9931e-17 1.21973)
(-2.12271e-17 -6.02897e-17 1.15051)
(-2.23738e-17 -5.99982e-17 1.07447)
(-1.4923e-17 -6.01896e-17 0.990482)
(-1.08063e-17 -5.90185e-17 0.897511)
(-1.36904e-17 -5.57384e-17 0.794374)
(-1.32577e-17 -5.14609e-17 0.680744)
(-9.79078e-18 -4.58255e-17 0.560041)
(-6.34935e-18 -3.86354e-17 0.439427)
(-5.14031e-18 -3.05286e-17 0.325459)
(-4.24436e-18 -2.2526e-17 0.221025)
(-2.53238e-18 -1.45813e-17 0.126338)
(-4.84875e-19 -4.253e-18 0.0406954)
(-3.30745e-17 -2.531e-17 1.96902)
(-1.72746e-17 -7.46e-18 1.93556)
(6.60711e-17 2.77653e-17 1.90098)
(6.72013e-17 3.64974e-17 1.8654)
(3.15005e-17 4.22088e-17 1.82891)
(-2.1614e-18 3.98909e-17 1.79151)
(-2.77234e-18 5.95203e-17 1.75318)
(3.52516e-17 7.15627e-17 1.71388)
(3.55446e-17 6.22034e-17 1.67352)
(1.22243e-17 5.63558e-17 1.63198)
(-9.72788e-19 5.38757e-17 1.5891)
(4.18121e-18 5.13705e-17 1.54467)
(1.99868e-17 4.53451e-17 1.49839)
(3.09254e-17 4.09656e-17 1.44982)
(3.26788e-17 4.20365e-17 1.39849)
(3.59483e-17 4.48292e-17 1.34386)
(5.22809e-17 4.71086e-17 1.28526)
(6.46024e-17 4.90353e-17 1.22188)
(5.93546e-17 5.28404e-17 1.15277)
(3.42845e-17 5.77371e-17 1.07683)
(1.41861e-17 6.1084e-17 0.992925)
(7.85253e-18 6.20964e-17 0.90002)
(1.84759e-18 6.17076e-17 0.796918)
(-1.32281e-18 5.93133e-17 0.683241)
(-6.65013e-19 5.42045e-17 0.562316)
(2.1243e-18 4.66283e-17 0.441314)
(2.31516e-18 3.74558e-17 0.326885)
(1.22532e-18 2.73955e-17 0.222)
(4.74373e-19 1.73001e-17 0.126896)
(-4.36801e-21 5.09678e-18 0.0408756)
(3.84666e-17 -1.792e-17 1.96902)
(6.58967e-18 -2.58829e-18 1.93556)
(-1.19506e-17 -2.51968e-18 1.90098)
(1.18189e-17 -2.61754e-17 1.8654)
(3.77272e-17 -1.89684e-17 1.82891)
(6.84243e-17 -2.1527e-18 1.79151)
(7.37346e-17 2.54615e-17 1.75318)
(4.6842e-17 4.14613e-17 1.71388)
(1.80046e-17 2.98963e-17 1.67352)
(-6.6505e-18 2.83493e-17 1.63198)
(-2.13736e-17 3.1673e-17 1.5891)
(-4.68774e-17 3.36517e-17 1.54467)
(-6.87139e-17 3.19235e-17 1.49839)
(-5.43054e-17 3.19167e-17 1.44982)
(-4.65775e-17 3.27145e-17 1.39849)
(-4.2618e-17 3.32789e-17 1.34386)
(-2.71271e-17 3.38491e-17 1.28526)
(-1.07763e-17 3.36605e-17 1.22188)
(8.67001e-19 3.24818e-17 1.15277)
(-5.23984e-18 3.11032e-17 1.07683)
(-1.50894e-17 3.12075e-17 0.992925)
(-1.5221e-17 3.16908e-17 0.900021)
(-1.02092e-17 3.24611e-17 0.796918)
(-8.58437e-18 3.28024e-17 0.683241)
(-7.2034e-18 3.16975e-17 0.562316)
(-3.43243e-18 2.88493e-17 0.441314)
(-1.17844e-18 2.46111e-17 0.326885)
(-5.03353e-19 1.98436e-17 0.222)
(5.14104e-20 1.52439e-17 0.126896)
(-1.4465e-19 2.93925e-18 0.0408756)
(1.42302e-17 -4.68992e-17 1.9676)
(6.35913e-18 -4.66623e-17 1.93409)
(3.01701e-17 -5.48052e-18 1.89947)
(5.38892e-17 -1.48124e-17 1.86387)
(8.76607e-17 -8.3204e-18 1.82734)
(1.03961e-16 4.05887e-18 1.78992)
(9.98234e-17 8.77706e-18 1.75156)
(2.85758e-17 1.05815e-17 1.71224)
(-1.47781e-17 5.55712e-19 1.67185)
(5.80611e-18 -5.11001e-18 1.63028)
(4.17747e-18 -1.0695e-17 1.58737)
(-1.11684e-17 -2.1139e-17 1.54291)
(-8.90219e-18 -2.69964e-17 1.49658)
(9.74657e-18 -3.02809e-17 1.44796)
(1.48378e-17 -3.62857e-17 1.39657)
(9.90331e-18 -3.86121e-17 1.34187)
(8.00263e-18 -4.14032e-17 1.28319)
(-6.0297e-19 -4.415e-17 1.21973)
(-1.17674e-17 -4.76017e-17 1.15051)
(-1.2468e-17 -4.89032e-17 1.07447)
(-1.09086e-17 -4.80785e-17 0.990482)
(-8.58915e-18 -4.58633e-17 0.897511)
(-4.40707e-19 -4.17744e-17 0.794374)
(3.84249e-18 -3.63436e-17 0.680744)
(2.67889e-18 -3.04964e-17 0.560041)
(1.10115e-18 -2.43478e-17 0.439427)
(2.43579e-19 -1.79777e-17 0.325459)
(2.53571e-19 -1.113e-17 0.221025)
(-6.04596e-20 -3.54485e-18 0.126338)
(5.04241e-20 -3.96331e-18 0.0406954)
(3.46533e-17 2.41444e-17 1.96474)
(5.51941e-17 4.675e-17 1.93114)
(2.80474e-17 4.31073e-18 1.89646)
(9.2015e-18 2.7467e-17 1.86079)
(7.36725e-17 4.68729e-17 1.82421)
(1.09289e-16 3.80385e-17 1.78673)
(1.15514e-16 2.15995e-17 1.74833)
(6.16939e-17 -1.10216e-17 1.70895)
(-6.59575e-18 -2.95481e-17 1.66851)
(-2.06302e-17 -4.13252e-17 1.62688)
(-3.93754e-17 -4.84113e-17 1.5839)
(-6.81593e-17 -5.51904e-17 1.53937)
(-7.82906e-17 -5.82045e-17 1.49295)
(-7.03918e-17 -5.87293e-17 1.44423)
(-4.35341e-17 -5.49426e-17 1.39272)
(-2.75908e-17 -5.21178e-17 1.33788)
(-2.14e-17 -4.91305e-17 1.27904)
(-1.23616e-17 -4.3991e-17 1.21539)
(-6.13087e-18 -3.89816e-17 1.14599)
(1.97951e-18 -3.37373e-17 1.06975)
(1.79641e-18 -3.02006e-17 0.98558)
(-7.2723e-19 -2.62112e-17 0.89248)
(4.35495e-18 -2.05575e-17 0.78928)
(7.1175e-18 -1.52138e-17 0.675754)
(6.0433e-18 -1.10888e-17 0.555503)
(3.80339e-18 -8.02096e-18 0.435671)
(1.8982e-18 -5.6334e-18 0.32262)
(1.02174e-18 -3.45473e-18 0.219086)
(9.29109e-19 -7.59901e-19 0.125227)
(4.60257e-19 -1.52438e-18 0.040337)
(1.44338e-17 -3.36012e-19 1.96044)
(-2.66524e-17 -4.5564e-17 1.92672)
(3.71115e-17 -7.37497e-17 1.89193)
(1.09935e-16 1.0345e-18 1.85617)
(7.29394e-17 8.8654e-18 1.8195)
(3.97033e-17 -9.30158e-18 1.78194)
(1.50383e-17 -1.4599e-17 1.74346)
(-1.22313e-17 -2.9753e-17 1.704)
(-1.02278e-17 -3.32036e-17 1.66348)
(3.03698e-17 -3.26849e-17 1.62176)
(5.83119e-17 -3.39559e-17 1.57869)
(4.7466e-17 -4.02037e-17 1.53404)
(3.71971e-17 -4.20519e-17 1.48749)
(4.41655e-17 -3.80247e-17 1.4386)
(4.67634e-17 -3.58686e-17 1.3869)
(4.99301e-17 -3.46465e-17 1.33185)
(6.4655e-17 -2.95532e-17 1.27277)
(6.20145e-17 -3.08495e-17 1.20885)
(4.35144e-17 -3.57954e-17 1.13915)
(3.3989e-17 -3.66513e-17 1.06262)
(3.43268e-17 -3.31605e-17 0.978183)
(3.77127e-17 -2.75508e-17 0.884898)
(3.71016e-17 -2.21361e-17 0.781621)
(2.90887e-17 -1.82951e-17 0.668274)
(1.7855e-17 -1.52342e-17 0.548727)
(9.28466e-18 -1.15933e-17 0.430076)
(5.24517e-18 -7.22051e-18 0.318398)
(2.30191e-18 -2.93897e-18 0.216203)
(-2.67439e-19 5.80053e-19 0.123575)
(2.69917e-19 -7.08717e-19 0.039804)
(-8.38739e-18 1.5206e-17 1.95468)
(-3.71028e-17 1.09222e-17 1.9208)
(4.98158e-17 1.04849e-16 1.88587)
(1.10085e-16 1.11576e-16 1.84998)
(6.42573e-17 8.67241e-17 1.8132)
(7.33497e-17 1.02585e-16 1.77553)
(8.10296e-17 1.16896e-16 1.73695)
(2.57776e-17 1.07202e-16 1.69738)
(-3.4392e-17 8.75665e-17 1.65675)
(-4.68062e-17 8.33225e-17 1.61491)
(-2.92814e-17 8.48968e-17 1.57171)
(-9.73623e-18 8.53785e-17 1.5269)
(1.30143e-17 8.99028e-17 1.48016)
(2.44846e-17 9.00822e-17 1.43104)
(3.4243e-17 8.90084e-17 1.37909)
(4.27662e-17 8.90458e-17 1.32374)
(2.74135e-17 8.29855e-17 1.26433)
(7.90684e-18 7.47711e-17 1.20005)
(1.16958e-17 7.56413e-17 1.12996)
(2.38481e-17 8.09485e-17 1.05303)
(1.82141e-17 8.0344e-17 0.968241)
(2.82098e-18 7.46401e-17 0.874727)
(-6.69913e-18 6.95697e-17 0.771375)
(-7.08152e-18 6.64541e-17 0.658312)
(-5.11804e-18 6.20305e-17 0.539747)
(-5.18341e-18 5.42199e-17 0.422689)
(-7.55018e-18 4.40468e-17 0.312831)
(-8.29478e-18 3.32184e-17 0.212403)
(-6.3911e-18 2.19429e-17 0.121399)
(-2.09714e-18 7.49345e-18 0.0391017)
(5.81268e-17 3.50691e-17 1.94746)
(2.94165e-17 7.56307e-17 1.91337)
(3.67563e-17 1.28184e-16 1.87825)
(1.27291e-17 9.2741e-17 1.84221)
(1.71385e-17 7.67828e-17 1.80529)
(1.98004e-17 7.48167e-17 1.76749)
(-1.94622e-17 4.78653e-17 1.72877)
(-8.07202e-17 9.79136e-18 1.68908)
(-1.01159e-16 1.48796e-19 1.6483)
(-7.70483e-17 1.41649e-17 1.60632)
(-6.7281e-17 2.00513e-17 1.56294)
(-6.65249e-17 2.28789e-17 1.51794)
(-6.58669e-17 2.59187e-17 1.47095)
(-6.28572e-17 2.78972e-17 1.42155)
(-5.16578e-17 3.16852e-17 1.36927)
(-2.51644e-17 4.02019e-17 1.31356)
(-3.46644e-18 4.76994e-17 1.25373)
(-6.71875e-18 4.5263e-17 1.18899)
(-6.16577e-18 4.46611e-17 1.1184)
(-1.92009e-18 4.53388e-17 1.04097)
(-1.37904e-17 3.85584e-17 0.955741)
(-2.66672e-17 3.18671e-17 0.861901)
(-1.81804e-17 3.38688e-17 0.758431)
(-9.47214e-18 3.49526e-17 0.645791)
(-1.19605e-17 3.00619e-17 0.528532)
(-1.44115e-17 2.47577e-17 0.413503)
(-1.22443e-17 2.07953e-17 0.305921)
(-8.96946e-18 1.6399e-17 0.207689)
(-5.8908e-18 1.07092e-17 0.118699)
(-2.39999e-18 4.44576e-18 0.0382307)
(7.48307e-17 -7.5623e-18 1.93874)
(9.54852e-17 -9.89866e-18 1.90437)
(9.63004e-17 -1.51154e-17 1.86905)
(4.49049e-17 -1.04283e-17 1.83283)
(2.33875e-17 -1.21099e-17 1.79574)
(2.40008e-17 -1.18082e-18 1.75779)
(-3.98257e-18 -6.39861e-18 1.71891)
(-3.07623e-17 -2.02005e-17 1.67906)
(-3.9112e-17 -9.51721e-18 1.63811)
(-3.98556e-17 9.79485e-19 1.59594)
(-2.67855e-17 1.11908e-17 1.55236)
(-9.74401e-18 2.58337e-17 1.50712)
(-3.12659e-18 3.70853e-17 1.45983)
(-1.43431e-17 4.06835e-17 1.41008)
(-2.5493e-17 4.34547e-17 1.3574)
(-2.50759e-17 5.07315e-17 1.30124)
(-3.1527e-17 5.23291e-17 1.2409)
(-4.36142e-17 4.99828e-17 1.17559)
(-4.00947e-17 5.51439e-17 1.10441)
(-2.97308e-17 6.15925e-17 1.02639)
(-3.0237e-17 6.13781e-17 0.940639)
(-4.02024e-17 5.56212e-17 0.846364)
(-4.73911e-17 4.993e-17 0.742734)
(-4.16563e-17 4.81362e-17 0.630706)
(-2.5952e-17 4.93628e-17 0.515123)
(-1.71229e-17 4.51418e-17 0.402577)
(-1.58827e-17 3.55044e-17 0.297719)
(-1.33466e-17 2.55185e-17 0.202096)
(-7.94005e-18 1.55173e-17 0.115497)
(-3.28216e-18 6.41482e-18 0.0371976)
(2.02687e-17 -2.12461e-17 1.92844)
(7.60094e-17 -2.58325e-17 1.89373)
(1.4722e-16 2.79343e-18 1.85818)
(1.23815e-16 1.02023e-18 1.82178)
(1.07924e-16 -1.25188e-17 1.78452)
(1.11159e-16 -2.19457e-17 1.74639)
(4.04629e-17 -7.16833e-17 1.70734)
(-7.45708e-18 -1.00966e-16 1.6673)
(-9.67687e-18 -9.74358e-17 1.62614)
(-2.48875e-17 -1.01001e-16 1.58375)
(-3.44965e-17 -9.62225e-17 1.53992)
(-2.25821e-17 -8.19949e-17 1.49436)
(-1.16523e-17 -7.28866e-17 1.4467)
(-5.50702e-18 -6.55393e-17 1.39653)
(-4.24864e-18 -5.90442e-17 1.34337)
(4.85169e-18 -4.79383e-17 1.28666)
(1.78606e-17 -4.04081e-17 1.2257)
(1.44487e-17 -4.23748e-17 1.15972)
(3.36145e-18 -4.80696e-17 1.08784)
(2.98366e-18 -4.74011e-17 1.00914)
(1.07731e-17 -4.161e-17 0.922821)
(1.19943e-17 -3.93229e-17 0.828103)
(1.20304e-17 -3.61497e-17 0.724394)
(1.55215e-17 -2.96857e-17 0.613237)
(1.82016e-17 -2.2777e-17 0.499733)
(1.67607e-17 -1.78041e-17 0.390106)
(1.32984e-17 -1.38266e-17 0.288378)
(8.78684e-18 -1.09864e-17 0.19573)
(4.86584e-18 -8.74617e-18 0.111852)
(6.95673e-19 -1.57963e-18 0.0360219)
(-2.02682e-17 -5.67481e-18 1.91624)
(4.11442e-17 3.76134e-17 1.88127)
(8.24247e-17 5.58952e-17 1.84558)
(5.63759e-17 -3.45911e-18 1.80904)
(2.5202e-17 -4.04661e-17 1.77162)
(4.54905e-17 -6.45846e-17 1.73331)
(6.74689e-17 -8.71726e-17 1.69406)
(9.07692e-17 -7.28919e-17 1.65379)
(1.05878e-16 -6.66572e-17 1.6124)
(1.13072e-16 -5.52062e-17 1.56973)
(1.11815e-16 -3.22378e-17 1.52557)
(9.06467e-17 -2.36096e-17 1.47962)
(7.8531e-17 -1.24232e-17 1.4315)
(7.76084e-17 -2.48879e-19 1.3808)
(7.32621e-17 5.33072e-18 1.32705)
(3.87838e-17 -1.04524e-17 1.26968)
(8.68774e-18 -2.46034e-17 1.20801)
(1.06914e-17 -1.73285e-17 1.14124)
(1.14101e-17 -1.2459e-17 1.06856)
(7.03105e-18 -1.13498e-17 0.989109)
(7.39249e-18 -8.09796e-18 0.902203)
(6.16857e-18 -6.76021e-18 0.807079)
(-4.06032e-18 -1.24289e-17 0.703442)
(-8.71874e-18 -1.43372e-17 0.593489)
(-4.73192e-18 -9.94218e-18 0.482508)
(-6.42642e-19 -5.56059e-18 0.376229)
(-2.23455e-20 -4.44823e-18 0.278006)
(6.86153e-19 -4.03879e-18 0.188665)
(1.65725e-18 -3.91414e-18 0.107808)
(-1.22649e-19 9.79485e-20 0.0347174)
(9.69311e-18 3.9212e-17 1.90125)
(2.93902e-17 6.43469e-17 1.86689)
(3.09763e-17 2.54525e-17 1.83127)
(1.57823e-17 -4.52439e-17 1.79464)
(5.69187e-18 -6.62184e-17 1.75706)
(-2.02215e-17 -9.02594e-17 1.71856)
(-2.26243e-17 -8.21122e-17 1.67909)
(-1.69131e-17 -5.65855e-17 1.63858)
(5.20416e-18 -3.92505e-17 1.59691)
(6.27602e-17 8.00798e-18 1.5539)
(9.38027e-17 3.14635e-17 1.50931)
(8.2785e-17 2.92392e-17 1.46283)
(4.65342e-17 8.1131e-18 1.41412)
(7.56791e-18 -1.71124e-17 1.36277)
(-2.96773e-18 -2.30239e-17 1.30829)
(3.45353e-18 -1.57924e-17 1.25012)
(1.72014e-18 -1.08579e-17 1.18756)
(-1.23015e-17 -1.63091e-17 1.11988)
(-1.91744e-17 -1.64228e-17 1.04627)
(-1.80872e-17 -1.02037e-17 0.966002)
(-1.44179e-17 -3.2228e-18 0.878514)
(-8.9998e-18 3.68218e-18 0.783077)
(-6.36023e-18 7.02371e-18 0.679746)
(-6.02461e-18 7.69561e-18 0.571424)
(-5.77962e-18 7.40873e-18 0.463457)
(-5.795e-18 5.73722e-18 0.360962)
(-5.07491e-18 3.7023e-18 0.266612)
(-3.74999e-18 2.01941e-18 0.180904)
(-2.14529e-18 5.91196e-19 0.103364)
(-5.36237e-19 2.12457e-19 0.0332828)
(2.6796e-17 1.98716e-17 1.90114)
(4.34797e-17 -4.95172e-18 1.86683)
(3.86115e-17 -9.74587e-17 1.83125)
(2.46437e-17 -1.29942e-16 1.79463)
(2.63583e-17 -1.08247e-16 1.75708)
(4.86859e-17 -7.99545e-17 1.7186)
(7.36927e-17 -2.47144e-17 1.67915)
(6.19062e-17 -3.19778e-17 1.63867)
(3.45343e-17 -6.17086e-17 1.59703)
(4.11822e-17 -6.86754e-17 1.55403)
(7.08519e-17 -6.56361e-17 1.50944)
(9.12973e-17 -6.85136e-17 1.46296)
(9.36112e-17 -8.53937e-17 1.41427)
(8.438e-17 -1.05759e-16 1.36295)
(7.61729e-17 -1.22313e-16 1.30851)
(7.76082e-17 -1.2698e-16 1.25036)
(8.17979e-17 -1.2722e-16 1.18783)
(8.76605e-17 -1.2189e-16 1.12017)
(9.06149e-17 -1.15988e-16 1.04658)
(8.73159e-17 -1.15244e-16 0.966329)
(8.33878e-17 -1.12196e-16 0.878848)
(8.28689e-17 -1.01328e-16 0.783409)
(7.84282e-17 -9.00745e-17 0.680067)
(7.08814e-17 -7.78927e-17 0.571723)
(5.99035e-17 -6.6967e-17 0.463725)
(5.04209e-17 -5.28839e-17 0.361189)
(4.02017e-17 -3.85927e-17 0.266791)
(2.85607e-17 -2.56193e-17 0.181033)
(1.60384e-17 -1.3582e-17 0.103441)
(6.05909e-18 -5.68901e-18 0.0333088)
(3.3139e-17 -1.03933e-17 1.91613)
(6.23507e-17 -8.96267e-17 1.88118)
(6.71328e-17 -8.52819e-17 1.8455)
(8.44323e-17 -5.69356e-17 1.80897)
(6.74617e-17 -7.47987e-17 1.77156)
(3.71651e-17 -8.08933e-17 1.73326)
(5.15993e-17 -6.55809e-17 1.69402)
(6.42895e-17 -7.34787e-17 1.65376)
(4.36517e-17 -8.9549e-17 1.61237)
(2.71369e-17 -1.07147e-16 1.5697)
(3.76956e-17 -9.2679e-17 1.52554)
(7.48212e-17 -5.6109e-17 1.47959)
(1.0396e-16 -2.97673e-17 1.43147)
(1.09563e-16 -2.75261e-17 1.38078)
(1.05704e-16 -3.3697e-17 1.32703)
(1.05373e-16 -3.36278e-17 1.26965)
(1.05053e-16 -2.91502e-17 1.20796)
(1.00629e-16 -3.18904e-17 1.14118)
(8.63567e-17 -4.63861e-17 1.06848)
(7.15693e-17 -5.93899e-17 0.989011)
(6.35796e-17 -5.99111e-17 0.902088)
(6.12189e-17 -5.07937e-17 0.806949)
(5.91966e-17 -3.96388e-17 0.703303)
(5.39861e-17 -3.02832e-17 0.593352)
(4.47747e-17 -2.45374e-17 0.482386)
(3.70667e-17 -1.62722e-17 0.37613)
(2.58705e-17 -1.29277e-17 0.277931)
(1.45381e-17 -1.06368e-17 0.188614)
(6.4805e-18 -6.14686e-18 0.107779)
(2.03293e-18 -2.38156e-18 0.0347074)
(-1.98312e-17 -4.70741e-17 1.92834)
(4.33315e-17 -7.08532e-17 1.89363)
(2.97065e-17 -6.27413e-17 1.85808)
(3.51879e-17 -8.48739e-17 1.82168)
(5.60713e-17 -8.91037e-18 1.78443)
(4.49574e-17 1.29833e-17 1.7463)
(1.38411e-17 -1.35232e-17 1.70725)
(2.99664e-17 2.46931e-17 1.6672)
(4.02879e-17 4.91106e-17 1.62605)
(2.63163e-17 3.11085e-17 1.58364)
(1.19036e-17 9.19999e-18 1.53981)
(6.46631e-18 1.27169e-18 1.49425)
(2.79965e-17 3.14495e-17 1.44658)
(4.60392e-17 5.12469e-17 1.3964)
(4.49759e-17 4.32421e-17 1.34322)
(4.54542e-17 4.04964e-17 1.28649)
(3.32092e-17 1.93468e-17 1.22553)
(1.63713e-17 -6.72836e-18 1.15953)
(9.10212e-18 -1.54402e-17 1.08762)
(3.68729e-18 -1.73733e-17 1.00891)
(-2.68016e-18 -1.83996e-17 0.922575)
(-1.21509e-17 -2.51435e-17 0.827844)
(-1.72457e-17 -2.65746e-17 0.724131)
(-1.44627e-17 -1.80455e-17 0.612983)
(-7.75047e-18 -5.02383e-18 0.499509)
(-4.22134e-18 1.99673e-18 0.389924)
(-4.26042e-18 2.69485e-18 0.288241)
(-5.52107e-18 1.82405e-18 0.195636)
(-6.25739e-18 1.68605e-18 0.111798)
(-8.78222e-19 -1.68612e-19 0.036004)
(-5.87549e-17 -1.08305e-16 1.93866)
(-3.42693e-17 -9.10054e-17 1.90428)
(6.30808e-18 -4.57146e-17 1.86895)
(1.83686e-17 -3.51322e-18 1.83273)
(3.40134e-17 3.45314e-17 1.79564)
(3.88619e-17 1.43847e-17 1.75768)
(3.24035e-17 -7.80545e-18 1.7188)
(1.57741e-17 -4.34014e-17 1.67894)
(1.11382e-17 -7.86535e-17 1.63799)
(-8.95578e-19 -1.09906e-16 1.59581)
(-1.63448e-18 -1.10784e-16 1.55223)
(1.76863e-18 -9.16638e-17 1.50697)
(-3.71265e-18 -9.4476e-17 1.45967)
(-6.20942e-18 -1.00872e-16 1.40991)
(-2.89075e-18 -9.30763e-17 1.35722)
(4.99805e-18 -7.68791e-17 1.30104)
(1.49376e-17 -6.14401e-17 1.24069)
(2.24151e-17 -4.54146e-17 1.17537)
(2.96786e-17 -2.62078e-17 1.10417)
(3.17235e-17 -1.60033e-17 1.02613)
(2.29839e-17 -2.60969e-17 0.94037)
(1.11783e-17 -4.12292e-17 0.846084)
(5.42964e-18 -4.2636e-17 0.742449)
(5.9214e-18 -3.15834e-17 0.63043)
(7.36592e-18 -2.03153e-17 0.514878)
(5.78219e-18 -1.60867e-17 0.402377)
(4.46931e-18 -1.15083e-17 0.297569)
(3.52592e-18 -4.85823e-18 0.201993)
(4.46233e-19 5.57762e-20 0.115437)
(2.71375e-18 -1.24577e-18 0.037178)
(2.74069e-18 -1.31043e-16 1.94739)
(-3.72369e-18 -1.10028e-16 1.91329)
(2.76927e-17 -8.80185e-17 1.87817)
(1.56271e-17 -6.54631e-17 1.84213)
(3.15796e-17 -3.2599e-17 1.8052)
(3.67279e-17 -3.2742e-17 1.76739)
(5.51676e-17 -5.17753e-17 1.72867)
(6.61799e-17 -3.92639e-17 1.68897)
(8.28039e-17 -2.33569e-17 1.64819)
(9.62919e-17 -2.45344e-17 1.60619)
(1.04252e-16 -3.64367e-17 1.56281)
(1.04885e-16 -5.8069e-17 1.5178)
(9.8256e-17 -7.67313e-17 1.4708)
(9.5791e-17 -7.65451e-17 1.42139)
(9.27692e-17 -7.7258e-17 1.36911)
(8.10927e-17 -8.92358e-17 1.31338)
(7.52019e-17 -8.94472e-17 1.25354)
(7.83605e-17 -6.8372e-17 1.18878)
(8.06651e-17 -4.95218e-17 1.11818)
(7.52709e-17 -5.04161e-17 1.04074)
(6.81105e-17 -5.50424e-17 0.955499)
(6.50349e-17 -4.86417e-17 0.861649)
(6.27239e-17 -3.5897e-17 0.758173)
(5.69359e-17 -2.7639e-17 0.645541)
(4.82838e-17 -2.24952e-17 0.528308)
(3.84672e-17 -1.88815e-17 0.413319)
(2.97481e-17 -1.30271e-17 0.305783)
(2.10988e-17 -6.5071e-18 0.207594)
(1.00643e-17 -3.19581e-18 0.118644)
(5.80116e-18 -1.98317e-18 0.0382126)
(-2.90567e-17 -1.16709e-16 1.95462)
(-3.96698e-17 -1.03181e-16 1.92074)
(-9.5526e-18 -2.73486e-17 1.8858)
(1.38799e-17 2.64695e-17 1.84991)
(1.60293e-17 2.62438e-17 1.81313)
(-3.58238e-18 -2.77448e-17 1.77545)
(-5.09546e-18 -2.79953e-17 1.73686)
(1.72227e-18 -2.21417e-17 1.69729)
(-1.39201e-18 -7.41286e-17 1.65665)
(-8.98582e-19 -1.19651e-16 1.61481)
(1.54195e-17 -1.09804e-16 1.5716)
(4.75551e-17 -4.58691e-17 1.52679)
(7.15043e-17 -4.06701e-18 1.48004)
(8.05066e-17 -2.90114e-18 1.43091)
(9.15179e-17 1.12584e-17 1.37895)
(1.01929e-16 2.66938e-17 1.3236)
(1.03563e-16 2.80595e-17 1.26418)
(1.04028e-16 2.82619e-17 1.19989)
(9.87569e-17 1.3777e-17 1.12979)
(9.11723e-17 -4.82084e-18 1.05285)
(8.42324e-17 -1.63569e-17 0.968046)
(7.70095e-17 -2.30444e-17 0.874526)
(7.0203e-17 -2.42081e-17 0.77117)
(6.66465e-17 -1.18587e-17 0.658113)
(5.95446e-17 -3.57619e-18 0.539568)
(4.66626e-17 -8.33822e-18 0.422541)
(3.39979e-17 -1.07231e-17 0.312719)
(2.33791e-17 -7.61372e-18 0.212326)
(1.30691e-17 -3.89028e-18 0.121354)
(5.08328e-18 -1.70953e-18 0.039087)
(-8.16666e-17 -6.04545e-17 1.96038)
(-1.13078e-16 -7.44602e-17 1.92667)
(-8.76066e-17 -7.58538e-17 1.89187)
(-3.12024e-17 -6.19866e-17 1.85611)
(1.45254e-18 -1.31412e-17 1.81944)
(1.88948e-17 -1.00823e-17 1.78188)
(1.57657e-17 -4.10088e-17 1.7434)
(1.00499e-17 -7.26477e-17 1.70394)
(1.0756e-17 -8.89753e-17 1.66341)
(1.41338e-17 -8.1674e-17 1.62169)
(5.75944e-18 -6.55756e-17 1.57861)
(-4.0438e-18 -6.42631e-17 1.53396)
(-6.53381e-18 -6.94909e-17 1.4874)
(2.29912e-18 -4.71018e-17 1.4385)
(7.72866e-18 -2.56104e-17 1.3868)
(1.41609e-17 -1.04266e-17 1.33174)
(2.12414e-17 6.78618e-18 1.27265)
(2.61397e-17 1.66534e-17 1.20873)
(2.94965e-17 2.23702e-17 1.13903)
(2.88871e-17 1.95914e-17 1.06249)
(2.68483e-17 1.40454e-17 0.978041)
(2.4386e-17 1.14975e-17 0.884752)
(2.28477e-17 1.58608e-17 0.781472)
(2.11138e-17 1.95208e-17 0.668127)
(1.77453e-17 1.60608e-17 0.548594)
(1.30494e-17 8.2907e-18 0.429966)
(8.32646e-18 2.01953e-18 0.318314)
(4.64208e-18 -6.41625e-19 0.216145)
(1.86435e-18 -1.02748e-18 0.123542)
(1.07952e-18 -5.89442e-19 0.0397929)
(-5.92533e-17 -7.17355e-17 1.96469)
(-3.83195e-17 -1.19824e-16 1.9311)
(-6.21166e-17 -1.4938e-16 1.89642)
(-4.96765e-17 -8.52086e-17 1.86075)
(-1.5848e-17 -3.45317e-17 1.82417)
(4.83799e-18 -5.69141e-17 1.78669)
(2.84031e-17 -2.91211e-17 1.74829)
(3.11002e-17 -2.47641e-17 1.70891)
(1.35118e-17 -6.2898e-17 1.66846)
(1.77185e-17 -4.02684e-17 1.62683)
(2.20925e-17 9.98067e-18 1.58385)
(1.73748e-17 2.18412e-17 1.53932)
(5.1607e-18 6.74032e-18 1.4929)
(-2.35974e-18 1.16666e-17 1.44417)
(-4.84806e-18 2.83651e-17 1.39265)
(-9.38709e-18 2.55882e-17 1.33781)
(-1.12194e-17 2.11449e-17 1.27897)
(-1.20696e-17 2.0636e-17 1.21532)
(-1.38196e-17 1.99191e-17 1.14591)
(-1.55634e-17 1.64154e-17 1.06966)
(-1.67805e-17 1.3237e-17 0.985486)
(-1.67774e-17 1.46237e-17 0.892382)
(-1.70168e-17 1.13183e-17 0.789181)
(-1.6877e-17 5.71425e-18 0.675655)
(-1.46832e-17 5.06093e-18 0.555413)
(-1.15858e-17 6.20733e-18 0.435596)
(-8.78052e-18 5.22015e-18 0.322563)
(-6.30584e-18 3.02547e-18 0.219047)
(-4.03545e-18 1.68226e-18 0.125204)
(-8.92451e-19 2.0301e-19 0.0403293)
(3.0434e-17 -1.11671e-16 1.96756)
(-7.87526e-18 -1.10814e-16 1.93405)
(-3.95871e-17 -7.81608e-17 1.89944)
(-7.20203e-17 -1.09303e-16 1.86384)
(-3.79117e-17 -8.44414e-17 1.82732)
(-2.3813e-17 -5.87623e-17 1.78989)
(-3.28023e-17 -3.35524e-17 1.75154)
(-2.36019e-17 1.84614e-17 1.71221)
(-3.25778e-17 2.45072e-18 1.67183)
(-4.75836e-17 -1.01802e-17 1.63026)
(-5.21018e-17 2.05476e-17 1.58734)
(-5.16919e-17 3.00474e-17 1.54288)
(-5.44707e-17 2.02093e-17 1.49655)
(-6.00675e-17 1.49221e-17 1.44792)
(-6.2005e-17 5.06654e-18 1.39653)
(-6.35253e-17 -1.48888e-17 1.34183)
(-6.34725e-17 -1.99712e-17 1.28315)
(-6.28788e-17 -5.40178e-19 1.21968)
(-6.29418e-17 1.23094e-17 1.15046)
(-6.47095e-17 8.61045e-18 1.07442)
(-6.57644e-17 5.81261e-18 0.990424)
(-6.56793e-17 5.7937e-18 0.89745)
(-6.36308e-17 8.04505e-18 0.794311)
(-6.01203e-17 7.6109e-18 0.680682)
(-5.50142e-17 3.62038e-18 0.559983)
(-4.76208e-17 2.21253e-18 0.439379)
(-3.84026e-17 3.33694e-18 0.325422)
(-2.81848e-17 2.72785e-18 0.221)
(-1.7111e-17 1.09879e-18 0.126323)
(-6.62115e-18 7.47192e-19 0.0406903)
(4.95454e-17 -5.4769e-17 1.96899)
(-1.84346e-17 -2.2623e-17 1.93552)
(-1.18493e-17 -5.0246e-17 1.90095)
(-1.58401e-17 -8.65249e-17 1.86538)
(-1.03347e-17 -8.81094e-17 1.82889)
(-8.01824e-18 -1.20475e-17 1.79149)
(-2.04704e-17 3.25623e-17 1.75317)
(-1.75477e-17 3.22205e-17 1.71387)
(-1.74385e-17 3.5367e-17 1.67351)
(-2.6905e-17 4.87451e-17 1.63197)
(-2.84186e-17 4.42284e-17 1.58908)
(-2.47485e-17 3.04379e-17 1.54466)
(-2.205e-17 3.47876e-17 1.49837)
(-2.0302e-17 2.69773e-17 1.4498)
(-1.75025e-17 1.05366e-17 1.39847)
(-1.70849e-17 4.76765e-18 1.34384)
(-1.33436e-17 2.59029e-17 1.28523)
(-8.802e-18 4.5529e-17 1.22185)
(-5.86711e-18 4.1859e-17 1.15273)
(-3.97486e-18 3.24064e-17 1.07679)
(-2.57938e-18 2.41397e-17 0.992886)
(-1.8823e-18 1.58703e-17 0.899979)
(-1.74268e-18 7.69869e-18 0.796875)
(-1.709e-18 3.01212e-18 0.683197)
(-2.05404e-18 3.78281e-18 0.562276)
(-2.83806e-18 3.5529e-18 0.44128)
(-3.4905e-18 2.39722e-18 0.326859)
(-3.46834e-18 1.32992e-18 0.221982)
(-2.35234e-18 1.11142e-18 0.126885)
(-2.17077e-18 2.87573e-19 0.0408718)
(3.98465e-17 -2.98182e-17 1.96899)
(2.45575e-17 -1.35279e-17 1.93552)
(-4.00836e-18 -4.78385e-17 1.90095)
(-1.68328e-17 -8.20358e-17 1.86538)
(-3.94417e-17 -5.01627e-17 1.82889)
(-4.68375e-17 2.00463e-17 1.79149)
(-3.84431e-17 3.29925e-17 1.75317)
(-4.11234e-17 5.62046e-17 1.71387)
(-4.98883e-17 8.40119e-17 1.67351)
(-5.80489e-17 7.81739e-17 1.63197)
(-6.16027e-17 6.70722e-17 1.58908)
(-7.09473e-17 7.56227e-17 1.54466)
(-8.14238e-17 8.54858e-17 1.49837)
(-8.68341e-17 7.73928e-17 1.4498)
(-9.16194e-17 7.36118e-17 1.39847)
(-9.44932e-17 4.53841e-17 1.34384)
(-9.5507e-17 6.44237e-18 1.28523)
(-9.62071e-17 1.47122e-17 1.22185)
(-9.62462e-17 3.03846e-17 1.15273)
(-9.50652e-17 2.46548e-17 1.07679)
(-9.32422e-17 1.50851e-17 0.992886)
(-8.99256e-17 8.6435e-18 0.899979)
(-8.46766e-17 -8.66112e-19 0.796874)
(-7.74951e-17 -6.74534e-18 0.683197)
(-6.8491e-17 -5.98766e-18 0.562276)
(-5.76735e-17 -3.56733e-18 0.44128)
(-4.56332e-17 -1.33077e-18 0.326859)
(-3.28864e-17 -1.46161e-18 0.221982)
(-1.99485e-17 -1.28865e-18 0.126885)
(-7.01998e-18 -6.49905e-19 0.0408718)
(-6.05434e-17 -3.91228e-17 1.96756)
(-5.96417e-17 5.07031e-17 1.93405)
(-7.14511e-17 2.76542e-17 1.89944)
(-8.28176e-17 -1.26247e-17 1.86384)
(-1.06934e-16 -2.94826e-17 1.82732)
(-1.05484e-16 -1.62091e-17 1.78989)
(-8.95144e-17 2.45078e-17 1.75154)
(-8.28529e-17 6.54601e-17 1.71221)
(-7.62984e-17 8.52209e-17 1.67183)
(-7.42325e-17 8.33907e-17 1.63026)
(-6.67758e-17 8.34507e-17 1.58734)
(-6.72198e-17 9.14903e-17 1.54288)
(-6.23999e-17 7.19592e-17 1.49655)
(-5.4319e-17 3.37697e-17 1.44792)
(-4.5964e-17 3.39057e-18 1.39653)
(-3.59873e-17 -1.85367e-17 1.34183)
(-3.20617e-17 -1.71651e-17 1.28315)
(-3.14642e-17 -9.07426e-18 1.21968)
(-2.92417e-17 -3.93232e-18 1.15046)
(-2.6526e-17 4.08043e-18 1.07442)
(-2.31035e-17 3.03832e-18 0.990424)
(-1.86435e-17 -6.0611e-18 0.89745)
(-1.4767e-17 -1.12483e-17 0.794311)
(-1.20092e-17 -9.39297e-18 0.680681)
(-9.88668e-18 -4.20419e-18 0.559983)
(-7.38605e-18 -3.68833e-18 0.439379)
(-5.16706e-18 -3.22162e-18 0.325422)
(-3.63397e-18 -1.25826e-18 0.221)
(-2.40652e-18 5.40627e-19 0.126323)
(-6.9166e-19 -3.35824e-19 0.0406903)
(-1.44074e-16 -4.50015e-17 1.96469)
(-1.32688e-16 -1.71717e-17 1.9311)
(-1.1657e-16 -2.65032e-17 1.89642)
(-1.0585e-16 -4.3847e-17 1.86075)
(-1.01492e-16 -5.37838e-17 1.82417)
(-1.0455e-16 -8.09253e-17 1.78669)
(-1.16967e-16 -8.74844e-17 1.74828)
(-1.21531e-16 -3.77854e-17 1.7089)
(-1.17735e-16 2.02227e-17 1.66846)
(-1.05187e-16 1.51896e-17 1.62683)
(-9.70215e-17 1.6244e-17 1.58385)
(-8.97103e-17 4.47656e-17 1.53932)
(-7.69777e-17 4.39036e-17 1.4929)
(-6.52889e-17 2.964e-17 1.44417)
(-5.80966e-17 1.31112e-17 1.39265)
(-5.65002e-17 7.57065e-18 1.33781)
(-5.98012e-17 2.52615e-17 1.27897)
(-6.14048e-17 4.57096e-17 1.21532)
(-5.66866e-17 4.34562e-17 1.14591)
(-4.93191e-17 3.46165e-17 1.06966)
(-4.24427e-17 2.7456e-17 0.985486)
(-3.56327e-17 1.78851e-17 0.892382)
(-2.91404e-17 1.0151e-17 0.78918)
(-2.32139e-17 6.57023e-18 0.675655)
(-1.7049e-17 1.12004e-18 0.555413)
(-1.14864e-17 -3.09573e-18 0.435595)
(-7.48745e-18 -3.27334e-18 0.322563)
(-4.41902e-18 -2.19385e-18 0.219047)
(-1.76622e-18 -1.05473e-18 0.125204)
(-9.7965e-19 -4.2505e-19 0.0403292)
(-1.31625e-16 2.97447e-17 1.96038)
(-6.4558e-17 1.776e-17 1.92667)
(-3.82654e-17 -4.48977e-18 1.89187)
(-6.6448e-17 -4.57149e-17 1.85611)
(-8.93282e-17 -4.55645e-17 1.81944)
(-1.09282e-16 -1.08349e-17 1.78188)
(-1.42741e-16 -1.8363e-17 1.74339)
(-1.45685e-16 -5.841e-17 1.70393)
(-1.30294e-16 -6.04131e-17 1.66341)
(-1.09436e-16 -4.10307e-17 1.62169)
(-1.00607e-16 -4.71494e-17 1.57861)
(-9.15854e-17 -5.29614e-17 1.53396)
(-8.38224e-17 -5.21322e-17 1.4874)
(-7.88759e-17 -4.07413e-17 1.4385)
(-7.88516e-17 -1.72231e-17 1.3868)
(-7.53771e-17 -1.26714e-17 1.33174)
(-7.04464e-17 -2.18545e-17 1.27265)
(-6.0995e-17 -3.89353e-17 1.20873)
(-5.23051e-17 -4.87215e-17 1.13903)
(-5.07161e-17 -3.37387e-17 1.06249)
(-5.02407e-17 -1.45888e-17 0.97804)
(-4.59987e-17 -9.53495e-18 0.884751)
(-3.93514e-17 -1.27811e-17 0.781471)
(-3.26807e-17 -1.4356e-17 0.668127)
(-2.60041e-17 -1.38537e-17 0.548593)
(-2.03451e-17 -1.08222e-17 0.429965)
(-1.55319e-17 -6.42371e-18 0.318314)
(-1.02478e-17 -2.55772e-18 0.216145)
(-4.33123e-18 6.62556e-19 0.123542)
(-3.4672e-18 -8.12264e-19 0.0397928)
(-9.00715e-17 -9.11236e-17 1.95462)
(-5.64419e-17 -9.43052e-17 1.92074)
(-7.3151e-17 2.70099e-17 1.8858)
(-1.04768e-16 6.13527e-17 1.84991)
(-9.14937e-17 1.19723e-17 1.81313)
(-9.66209e-17 1.50155e-17 1.77545)
(-7.93623e-17 8.22119e-18 1.73686)
(-4.78741e-17 -6.67393e-17 1.69729)
(-2.2218e-17 -1.12651e-16 1.65665)
(-2.6522e-17 -8.35437e-17 1.61481)
(-4.02789e-17 -2.48536e-17 1.5716)
(-4.68734e-17 -3.48641e-18 1.52679)
(-4.82616e-17 -8.27509e-18 1.48004)
(-5.46292e-17 -1.34751e-17 1.43091)
(-6.21947e-17 -9.97999e-18 1.37895)
(-7.0137e-17 8.43543e-18 1.3236)
(-7.38729e-17 2.1989e-17 1.26418)
(-6.85931e-17 1.66695e-17 1.19989)
(-6.3266e-17 1.16789e-17 1.12978)
(-5.9994e-17 1.21208e-17 1.05284)
(-5.59531e-17 1.31075e-17 0.968045)
(-5.01084e-17 1.28938e-17 0.874525)
(-4.1787e-17 9.10169e-18 0.771169)
(-2.90344e-17 -6.14042e-18 0.658112)
(-1.96012e-17 -1.41835e-17 0.539567)
(-1.59083e-17 -9.24751e-18 0.42254)
(-1.22545e-17 -4.00901e-18 0.312718)
(-6.94785e-18 -1.88265e-18 0.212326)
(-1.76184e-19 -4.66393e-19 0.121354)
(-3.64688e-18 -1.09373e-18 0.0390869)
(-7.39702e-17 -8.21478e-17 1.94739)
(-7.82287e-17 -2.87719e-17 1.91329)
(-9.39474e-17 1.21392e-17 1.87817)
(-6.00242e-17 -1.24108e-18 1.84212)
(-3.60235e-17 -1.1618e-17 1.8052)
(-3.94814e-17 -4.72155e-18 1.76739)
(-2.69245e-17 -1.45657e-17 1.72867)
(-2.95037e-17 -3.81998e-17 1.68897)
(-5.26118e-17 -2.87337e-17 1.64819)
(-8.68863e-17 3.74904e-18 1.60619)
(-1.05721e-16 2.20104e-17 1.56281)
(-1.24451e-16 4.87098e-17 1.5178)
(-1.44796e-16 8.40246e-17 1.4708)
(-1.5932e-16 1.03849e-16 1.42139)
(-1.54513e-16 7.66826e-17 1.3691)
(-1.38434e-16 3.04178e-17 1.31338)
(-1.20311e-16 -1.11978e-17 1.25354)
(-1.0755e-16 -3.98079e-17 1.18878)
(-1.03543e-16 -4.34987e-17 1.11818)
(-1.05139e-16 -2.81664e-17 1.04074)
(-1.00219e-16 -2.19984e-17 0.955497)
(-8.66219e-17 -3.02298e-17 0.861647)
(-7.21686e-17 -3.56712e-17 0.758172)
(-6.19465e-17 -2.8292e-17 0.645539)
(-5.40051e-17 -1.63812e-17 0.528307)
(-4.33393e-17 -1.0645e-17 0.413319)
(-3.08249e-17 -9.06972e-18 0.305782)
(-1.79952e-17 -8.53539e-18 0.207593)
(-6.90747e-18 -3.93685e-18 0.118644)
(-4.48477e-18 -2.63043e-18 0.0382125)
(-7.37603e-17 -1.87311e-16 1.93866)
(-6.78515e-17 -1.15335e-16 1.90428)
(-9.68885e-17 -2.83467e-17 1.86895)
(-7.08011e-17 -1.92096e-18 1.83273)
(-7.44468e-17 6.82285e-18 1.79564)
(-9.24522e-17 3.09042e-17 1.75768)
(-1.21826e-16 4.22691e-17 1.7188)
(-1.38902e-16 2.23663e-17 1.67894)
(-1.49067e-16 -7.9988e-18 1.63799)
(-1.59132e-16 -1.40708e-17 1.59581)
(-1.6883e-16 -4.38886e-18 1.55223)
(-1.699e-16 -3.00463e-18 1.50697)
(-1.64182e-16 -7.09511e-18 1.45967)
(-1.5702e-16 3.44902e-18 1.40991)
(-1.39263e-16 -1.84798e-18 1.35722)
(-1.17749e-16 -2.00031e-17 1.30104)
(-1.06953e-16 -1.92e-17 1.24069)
(-9.56702e-17 -2.50863e-17 1.17536)
(-7.8936e-17 -4.11386e-17 1.10416)
(-6.6844e-17 -4.73756e-17 1.02613)
(-6.11417e-17 -3.79822e-17 0.940368)
(-5.78782e-17 -2.36792e-17 0.846082)
(-5.30548e-17 -1.23367e-17 0.742447)
(-4.44189e-17 -6.60187e-18 0.630429)
(-3.38688e-17 -4.62753e-18 0.514877)
(-2.49907e-17 -1.01991e-18 0.402376)
(-1.62186e-17 5.56454e-19 0.297568)
(-7.33763e-18 -4.44103e-19 0.201992)
(-4.50022e-19 -1.80809e-19 0.115437)
(-9.27598e-19 -1.20448e-18 0.0371779)
(-5.91829e-17 -1.25546e-16 1.92834)
(-1.17239e-16 -1.13257e-16 1.89363)
(-1.34263e-16 -9.36862e-17 1.85808)
(-1.26363e-16 -1.03597e-16 1.82168)
(-1.57377e-16 -6.72532e-17 1.78442)
(-1.83603e-16 -2.33276e-17 1.7463)
(-1.75388e-16 -2.89347e-19 1.70725)
(-1.53048e-16 -2.83923e-17 1.6672)
(-1.3565e-16 -6.00275e-17 1.62604)
(-1.26362e-16 -8.97017e-17 1.58364)
(-1.15323e-16 -1.12405e-16 1.53981)
(-1.13365e-16 -1.12256e-16 1.49425)
(-1.07575e-16 -1.21081e-16 1.44658)
(-1.00632e-16 -1.29156e-16 1.39639)
(-1.03773e-16 -1.16685e-16 1.34322)
(-1.04425e-16 -1.11942e-16 1.28649)
(-1.07617e-16 -1.01737e-16 1.22552)
(-1.12321e-16 -8.58251e-17 1.15953)
(-1.14382e-16 -7.22714e-17 1.08762)
(-1.14803e-16 -6.07171e-17 1.00891)
(-1.1416e-16 -4.86024e-17 0.922573)
(-1.13762e-16 -3.11548e-17 0.827842)
(-1.02079e-16 -2.57294e-17 0.724129)
(-7.94754e-17 -3.2924e-17 0.612982)
(-5.64415e-17 -3.94535e-17 0.499508)
(-4.00777e-17 -3.61324e-17 0.389923)
(-2.97557e-17 -2.47813e-17 0.28824)
(-1.95423e-17 -1.50333e-17 0.195635)
(-1.01701e-17 -6.88608e-18 0.111798)
(-3.71656e-18 -2.41555e-18 0.0360039)
(-6.43927e-17 -9.23848e-17 1.91613)
(-8.09795e-17 -8.45662e-17 1.88118)
(-6.54285e-17 -6.24252e-17 1.8455)
(-7.56266e-17 -5.4409e-17 1.80897)
(-8.96793e-17 -5.42339e-17 1.77156)
(-6.16232e-17 -1.02324e-16 1.73326)
(-4.0127e-17 -9.87203e-17 1.69402)
(-4.07287e-17 -6.50136e-17 1.65376)
(-4.17385e-17 -5.47604e-17 1.61237)
(-3.64584e-17 -5.57692e-17 1.5697)
(-1.74617e-17 -7.42437e-17 1.52554)
(-1.23717e-17 -7.30228e-17 1.47959)
(-2.71069e-18 -6.78486e-17 1.43147)
(8.3563e-18 -6.65921e-17 1.38078)
(9.09316e-18 -5.31242e-17 1.32703)
(1.06353e-17 -4.27296e-17 1.26965)
(1.2714e-17 -3.64102e-17 1.20796)
(1.74558e-17 -3.17116e-17 1.14118)
(2.28094e-17 -2.51667e-17 1.06847)
(2.24856e-17 -1.0916e-17 0.989009)
(2.58037e-17 -2.98653e-18 0.902086)
(3.19913e-17 -3.32333e-19 0.806948)
(3.47548e-17 4.62978e-18 0.703301)
(3.54607e-17 8.59828e-18 0.593351)
(3.37955e-17 1.02575e-17 0.482385)
(3.21761e-17 8.01533e-18 0.376129)
(2.59339e-17 8.81074e-18 0.27793)
(1.76165e-17 9.89783e-18 0.188613)
(9.75649e-18 7.95364e-18 0.107778)
(3.87634e-18 3.37136e-18 0.0347073)
(-1.11406e-17 -2.60294e-17 1.90114)
(-4.9057e-18 -8.52153e-17 1.86683)
(-5.50276e-18 -6.78641e-17 1.83125)
(-2.61397e-17 -3.90887e-17 1.79463)
(-4.19032e-17 -2.15726e-17 1.75707)
(-2.65328e-17 -5.71603e-17 1.71859)
(-1.65511e-17 -8.54491e-17 1.67915)
(-2.68113e-17 -6.45299e-17 1.63867)
(-3.93945e-17 -5.44694e-17 1.59702)
(-2.01518e-17 -6.79416e-17 1.55403)
(2.61616e-18 -7.7559e-17 1.50943)
(2.24173e-17 -8.40038e-17 1.46296)
(4.43379e-17 -9.11725e-17 1.41427)
(4.55916e-17 -7.42084e-17 1.36295)
(3.50591e-17 -4.57041e-17 1.3085)
(2.42265e-17 -1.77078e-17 1.25036)
(2.04043e-17 2.36659e-20 1.18783)
(3.09295e-17 -2.225e-19 1.12017)
(4.16517e-17 -4.41029e-18 1.04658)
(3.77567e-17 6.48607e-18 0.966327)
(2.80998e-17 2.24891e-17 0.878846)
(2.28338e-17 3.23219e-17 0.783407)
(2.04539e-17 3.62165e-17 0.680065)
(2.37911e-17 3.21054e-17 0.571722)
(2.61852e-17 2.56743e-17 0.463724)
(2.56379e-17 1.97591e-17 0.361188)
(2.07157e-17 1.63477e-17 0.26679)
(1.4869e-17 1.22985e-17 0.181032)
(7.69061e-18 6.85904e-18 0.103441)
(4.38738e-18 4.19858e-18 0.0333087)
(-2.37937e-17 -9.92252e-18 1.90125)
(-6.17298e-17 -2.8541e-17 1.86689)
(-6.51144e-17 -4.9671e-17 1.83127)
(-8.80878e-17 -1.9708e-17 1.79464)
(-9.91181e-17 3.34862e-18 1.75706)
(-4.07305e-17 -7.2886e-18 1.71856)
(1.24847e-17 -4.06505e-17 1.67909)
(3.24084e-18 -3.71615e-17 1.63857)
(1.74935e-17 -4.05038e-17 1.5969)
(7.61131e-17 -7.70973e-17 1.5539)
(1.10048e-16 -9.77148e-17 1.50931)
(1.09453e-16 -9.2949e-17 1.46283)
(1.05062e-16 -9.04591e-17 1.41411)
(9.10091e-17 -8.15651e-17 1.36276)
(6.45851e-17 -5.97992e-17 1.30829)
(4.18882e-17 -4.10656e-17 1.25011)
(2.3873e-17 -2.84696e-17 1.18756)
(2.07603e-19 -1.03363e-17 1.11988)
(-1.54692e-17 2.11094e-18 1.04627)
(-1.38115e-17 5.6273e-19 0.966)
(-1.36798e-18 -9.12574e-18 0.878512)
(6.5208e-18 -1.37705e-17 0.783075)
(6.46777e-18 -1.13819e-17 0.679744)
(2.78565e-18 -5.81514e-18 0.571422)
(1.66095e-19 -9.99484e-19 0.463456)
(-1.95039e-19 1.43565e-18 0.360961)
(4.05519e-19 2.22641e-18 0.266611)
(5.72873e-19 1.97421e-18 0.180903)
(-5.16316e-19 5.72629e-19 0.103363)
(1.70028e-18 1.89743e-18 0.0332827)
(-1.29853e-16 -1.04246e-16 1.91624)
(-1.07482e-16 -6.74517e-17 1.88127)
(-7.63753e-17 -8.28221e-17 1.84558)
(-4.53888e-17 -5.68961e-17 1.80903)
(-1.89912e-17 -2.98037e-17 1.77162)
(9.17208e-18 -1.19999e-17 1.73331)
(-1.35935e-17 1.50553e-17 1.69406)
(-1.11761e-17 2.92251e-17 1.65379)
(9.72152e-18 4.2138e-17 1.6124)
(2.72109e-17 4.28906e-17 1.56972)
(3.21575e-17 3.56889e-17 1.52557)
(2.49991e-17 3.07331e-17 1.47961)
(2.4965e-17 2.45761e-17 1.43149)
(2.58419e-17 1.79786e-17 1.3808)
(1.91381e-17 2.17368e-17 1.32705)
(-7.12903e-18 4.09234e-17 1.26968)
(-1.87898e-17 5.08583e-17 1.208)
(-2.64208e-18 4.24933e-17 1.14124)
(1.59307e-17 3.28763e-17 1.06855)
(2.42419e-17 3.08067e-17 0.989106)
(2.66958e-17 3.18355e-17 0.902201)
(2.64132e-17 3.30227e-17 0.807077)
(2.1041e-17 3.68826e-17 0.70344)
(1.99926e-17 3.59205e-17 0.593488)
(2.47443e-17 2.92809e-17 0.482507)
(2.64099e-17 2.31575e-17 0.376227)
(2.20926e-17 1.99186e-17 0.278005)
(1.54087e-17 1.62705e-17 0.188664)
(8.78999e-18 1.0352e-17 0.107808)
(3.81935e-18 5.3681e-18 0.0347173)
(-7.88128e-17 -1.55267e-16 1.92844)
(-7.53666e-17 -1.17649e-16 1.89373)
(-5.4221e-17 -1.14874e-16 1.85818)
(-2.71454e-17 -1.14918e-16 1.82177)
(-5.41431e-17 -8.23289e-17 1.78452)
(-6.2714e-17 -6.28364e-17 1.74639)
(-4.32761e-17 -5.16819e-17 1.70734)
(-2.66547e-17 -4.61544e-17 1.66729)
(-3.25814e-17 -2.74805e-17 1.62614)
(-5.29327e-17 -4.05677e-18 1.58374)
(-6.89251e-17 1.00272e-17 1.53991)
(-5.50875e-17 8.50944e-18 1.49436)
(-2.69504e-17 1.61998e-18 1.4467)
(-2.10412e-18 -7.80814e-18 1.39653)
(9.33502e-18 -1.23455e-17 1.34337)
(8.47224e-18 -8.51345e-18 1.28665)
(1.42931e-17 -3.69566e-18 1.2257)
(8.31748e-18 9.32562e-18 1.15972)
(-1.67988e-18 2.36967e-17 1.08783)
(-2.87925e-18 3.15931e-17 1.00914)
(4.28851e-19 3.56369e-17 0.922819)
(5.66565e-18 3.72967e-17 0.8281)
(1.33366e-17 3.60185e-17 0.724392)
(2.52084e-17 2.9786e-17 0.613235)
(2.95042e-17 2.59023e-17 0.499732)
(2.43872e-17 2.56608e-17 0.390104)
(1.88138e-17 2.34484e-17 0.288377)
(1.37018e-17 1.89949e-17 0.195729)
(8.1164e-18 1.30608e-17 0.111852)
(3.22533e-18 4.98017e-18 0.0360217)
(-4.47546e-17 -1.15488e-16 1.93874)
(-5.19549e-17 -1.21806e-16 1.90437)
(-5.0911e-17 -1.22281e-16 1.86904)
(-3.49612e-17 -1.35203e-16 1.83282)
(-3.52023e-17 -1.44457e-16 1.79574)
(-2.77063e-17 -1.5112e-16 1.75778)
(-7.08838e-17 -1.388e-16 1.71891)
(-8.26636e-17 -1.22238e-16 1.67905)
(-6.60444e-17 -1.12619e-16 1.63811)
(-7.11861e-17 -1.0071e-16 1.59594)
(-6.92072e-17 -9.22807e-17 1.55236)
(-4.73994e-17 -9.23464e-17 1.50711)
(-5.11634e-17 -8.16819e-17 1.45982)
(-7.76565e-17 -6.2131e-17 1.41008)
(-8.69276e-17 -5.89278e-17 1.3574)
(-7.41961e-17 -6.75454e-17 1.30123)
(-5.78243e-17 -7.52182e-17 1.2409)
(-5.29219e-17 -7.64331e-17 1.17559)
(-5.19195e-17 -7.42177e-17 1.1044)
(-5.21506e-17 -6.93229e-17 1.02638)
(-5.34064e-17 -6.15224e-17 0.940636)
(-5.24179e-17 -5.38313e-17 0.846362)
(-4.69464e-17 -4.69135e-17 0.742732)
(-3.44053e-17 -4.16081e-17 0.630704)
(-1.72423e-17 -3.89622e-17 0.515121)
(-8.37292e-18 -3.23024e-17 0.402575)
(-9.32507e-18 -2.12179e-17 0.297718)
(-7.12427e-18 -1.30791e-17 0.202095)
(-3.79394e-18 -6.52517e-18 0.115497)
(-1.24247e-18 -2.15958e-18 0.0371975)
(-2.04127e-18 -4.44998e-17 1.94746)
(-3.48152e-17 -2.90206e-17 1.91337)
(-2.57311e-17 -3.97661e-17 1.87825)
(-2.93386e-17 -7.96263e-17 1.84221)
(-6.28231e-17 -8.32723e-17 1.80529)
(-7.91647e-17 -9.68096e-17 1.76749)
(-2.82333e-17 -1.25833e-16 1.72877)
(4.61021e-17 -1.43384e-16 1.68907)
(3.20434e-17 -1.32668e-16 1.6483)
(-1.18023e-17 -1.12911e-16 1.60631)
(-2.81834e-17 -1.03353e-16 1.56294)
(-2.21431e-17 -1.0176e-16 1.51794)
(-1.65315e-17 -1.03751e-16 1.47095)
(-4.17927e-17 -8.60392e-17 1.42155)
(-6.26623e-17 -6.78695e-17 1.36927)
(-3.98922e-17 -6.82042e-17 1.31356)
(-1.5888e-17 -7.23271e-17 1.25373)
(-1.90757e-17 -6.4378e-17 1.18898)
(-2.01702e-17 -5.56028e-17 1.11839)
(-9.18948e-18 -5.08822e-17 1.04097)
(-7.2844e-18 -4.12533e-17 0.955738)
(-9.10883e-18 -2.97171e-17 0.861899)
(5.77799e-18 -2.55448e-17 0.758429)
(1.48985e-17 -1.9482e-17 0.645788)
(1.01865e-17 -9.18034e-18 0.52853)
(5.67875e-18 -1.57719e-18 0.413502)
(4.74665e-18 2.04594e-18 0.30592)
(3.90056e-18 3.67914e-18 0.207688)
(3.51298e-18 3.255e-18 0.118699)
(7.78563e-19 1.93783e-18 0.0382306)
(3.86538e-17 -1.05932e-16 1.95468)
(-4.01341e-17 -5.30501e-17 1.9208)
(-1.19178e-16 -5.64722e-17 1.88587)
(-1.11418e-16 -8.45893e-17 1.84998)
(-7.52332e-17 -8.46626e-17 1.8132)
(-5.70164e-17 -8.10107e-17 1.77553)
(-2.73879e-17 -6.70225e-17 1.73694)
(-1.69327e-17 -6.43176e-17 1.69738)
(-3.49842e-17 -7.45771e-17 1.65675)
(-5.62939e-17 -7.51179e-17 1.61491)
(-5.52733e-17 -7.52969e-17 1.5717)
(-5.40936e-17 -7.78184e-17 1.5269)
(-4.67161e-17 -8.43239e-17 1.48016)
(-3.35902e-17 -8.56541e-17 1.43104)
(-3.0239e-17 -7.68333e-17 1.37909)
(-3.75974e-17 -6.2458e-17 1.32374)
(-4.12506e-17 -5.10805e-17 1.26433)
(-2.29178e-17 -4.77779e-17 1.20005)
(-1.84799e-18 -4.41765e-17 1.12996)
(6.11803e-18 -3.57989e-17 1.05303)
(9.38144e-19 -2.32244e-17 0.968239)
(-9.54389e-19 -1.12827e-17 0.874725)
(3.68301e-18 -2.48939e-18 0.771373)
(6.62821e-18 4.6858e-18 0.65831)
(5.54123e-18 1.08351e-17 0.539746)
(5.68097e-18 1.37985e-17 0.422687)
(5.18396e-18 1.41886e-17 0.31283)
(3.69194e-18 1.21658e-17 0.212402)
(1.92459e-18 7.5421e-18 0.121398)
(1.46064e-18 4.43977e-18 0.0391016)
(2.0388e-17 -1.74245e-16 1.96044)
(-7.53504e-17 -2.02091e-16 1.92672)
(-1.38933e-16 -1.77695e-16 1.89193)
(-7.61935e-17 -1.87106e-16 1.85617)
(-5.64529e-17 -1.97007e-16 1.8195)
(-3.75852e-17 -1.87741e-16 1.78194)
(-1.41839e-18 -2.00621e-16 1.74346)
(-4.12797e-17 -2.15177e-16 1.704)
(-1.03331e-16 -2.19083e-16 1.66347)
(-1.13094e-16 -2.22793e-16 1.62176)
(-1.28314e-16 -2.18535e-16 1.57868)
(-1.48745e-16 -2.05545e-16 1.53404)
(-1.21611e-16 -2.03995e-16 1.48749)
(-8.6404e-17 -2.05328e-16 1.43859)
(-7.81946e-17 -1.98558e-16 1.3869)
(-7.6636e-17 -1.90556e-16 1.33184)
(-8.65605e-17 -1.80046e-16 1.27276)
(-9.48485e-17 -1.69953e-16 1.20885)
(-8.5509e-17 -1.63055e-16 1.13915)
(-7.48471e-17 -1.55241e-16 1.06262)
(-6.01279e-17 -1.45912e-16 0.97818)
(-4.22805e-17 -1.35301e-16 0.884896)
(-3.2179e-17 -1.20896e-16 0.781619)
(-3.26944e-17 -1.01789e-16 0.668272)
(-3.26898e-17 -8.1433e-17 0.548725)
(-2.45466e-17 -6.32138e-17 0.430074)
(-1.49569e-17 -4.70748e-17 0.318396)
(-8.57022e-18 -3.32735e-17 0.216202)
(-4.91322e-18 -2.26586e-17 0.123575)
(-6.07295e-19 -2.97349e-18 0.0398038)
(-4.87433e-17 -1.69255e-16 1.96474)
(-8.91405e-17 -2.58543e-16 1.93114)
(-8.82631e-17 -1.86043e-16 1.89646)
(-8.45664e-17 -1.75349e-16 1.86079)
(-1.58182e-17 -1.95969e-16 1.82421)
(1.12797e-17 -2.03031e-16 1.78673)
(-3.37409e-17 -1.99894e-16 1.74832)
(-4.23969e-17 -2.13246e-16 1.70895)
(3.20409e-18 -2.3548e-16 1.6685)
(4.5558e-17 -2.49342e-16 1.62688)
(9.23394e-17 -2.67494e-16 1.5839)
(1.1448e-16 -2.70434e-16 1.53937)
(1.0811e-16 -2.67586e-16 1.49295)
(1.03815e-16 -2.69976e-16 1.44422)
(8.58406e-17 -2.67408e-16 1.39271)
(4.55702e-17 -2.57708e-16 1.33787)
(1.07716e-17 -2.48503e-16 1.27904)
(9.04876e-18 -2.42557e-16 1.21539)
(1.58151e-17 -2.36073e-16 1.14599)
(1.55961e-17 -2.26241e-16 1.06975)
(1.01305e-17 -2.12501e-16 0.985577)
(1.94412e-18 -1.96029e-16 0.892477)
(-3.48733e-18 -1.77126e-16 0.789278)
(-1.08347e-17 -1.54237e-16 0.675752)
(-1.54318e-17 -1.28319e-16 0.555502)
(-1.3779e-17 -1.02e-16 0.435669)
(-1.15017e-17 -7.65451e-17 0.322619)
(-9.834e-18 -5.31656e-17 0.219086)
(-6.94875e-18 -3.28511e-17 0.125226)
(-1.58721e-18 -8.2088e-18 0.0403368)
(-1.11992e-16 -1.31106e-16 1.9676)
(-3.80261e-17 -1.45641e-16 1.93409)
(1.75105e-17 -1.45597e-16 1.89947)
(-2.2766e-17 -1.51058e-16 1.86387)
(-1.39844e-17 -1.28213e-16 1.82734)
(2.0479e-17 -1.42374e-16 1.78991)
(3.83599e-17 -1.31717e-16 1.75156)
(-1.37757e-17 -1.05479e-16 1.71224)
(-3.91999e-17 -9.27107e-17 1.67185)
(-3.20767e-17 -8.50103e-17 1.63028)
(-1.13213e-17 -8.57906e-17 1.58737)
(1.16904e-17 -9.07926e-17 1.54291)
(8.74574e-18 -9.15488e-17 1.49658)
(2.19504e-17 -9.22973e-17 1.44795)
(4.9632e-17 -9.33058e-17 1.39657)
(5.30683e-17 -8.7554e-17 1.34187)
(4.25855e-17 -7.50823e-17 1.28319)
(3.79773e-17 -6.23555e-17 1.21972)
(3.48596e-17 -5.05764e-17 1.15051)
(2.9404e-17 -3.84842e-17 1.07447)
(2.15337e-17 -2.57499e-17 0.99048)
(1.34148e-17 -1.36012e-17 0.897509)
(1.19852e-17 -3.37151e-18 0.794372)
(1.07232e-17 4.96637e-18 0.680742)
(7.288e-18 1.13715e-17 0.56004)
(4.34514e-18 1.4789e-17 0.439426)
(3.66368e-18 1.48163e-17 0.325458)
(3.47612e-18 1.2047e-17 0.221025)
(2.51249e-18 7.12808e-18 0.126337)
(6.99872e-19 3.84275e-18 0.0406953)
(-6.03936e-17 -1.59844e-16 1.96902)
(-6.15973e-17 -1.51411e-16 1.93555)
(-8.26452e-17 -1.72866e-16 1.90097)
(-4.3826e-17 -1.68156e-16 1.8654)
(6.36597e-18 -1.70122e-16 1.82891)
(1.18765e-17 -1.74036e-16 1.7915)
(1.5679e-17 -1.98623e-16 1.75318)
(-2.14756e-17 -2.18639e-16 1.71388)
(-2.92479e-17 -2.16378e-16 1.67352)
(-3.84882e-17 -2.19292e-16 1.63198)
(-4.9541e-17 -2.15323e-16 1.5891)
(-5.11831e-17 -2.1413e-16 1.54467)
(-5.46177e-17 -2.05804e-16 1.49839)
(-5.13204e-17 -1.97812e-16 1.44982)
(-4.48773e-17 -1.93487e-16 1.39849)
(-3.18992e-17 -1.89906e-16 1.34386)
(-3.36929e-17 -1.85046e-16 1.28526)
(-4.27162e-17 -1.79382e-16 1.22188)
(-4.08852e-17 -1.7397e-16 1.15276)
(-2.29174e-17 -1.67839e-16 1.07682)
(-8.70865e-18 -1.591e-16 0.992923)
(-6.12684e-18 -1.47223e-16 0.900018)
(-4.45124e-18 -1.33111e-16 0.796916)
(-2.69801e-18 -1.16885e-16 0.683239)
(-1.69023e-18 -9.8457e-17 0.562315)
(-2.09419e-18 -7.89219e-17 0.441313)
(-1.72125e-18 -5.99483e-17 0.326884)
(-1.20295e-18 -4.23454e-17 0.221999)
(-9.63852e-19 -2.6137e-17 0.126896)
(2.94185e-19 -7.58308e-18 0.0408755)
(-1.15317e-16 -1.78747e-16 1.96902)
(-4.38129e-17 -1.7781e-16 1.93555)
(9.97309e-18 -1.57133e-16 1.90097)
(-3.76095e-18 -1.27831e-16 1.8654)
(-1.25445e-17 -1.4887e-16 1.82891)
(-3.44942e-17 -1.59217e-16 1.7915)
(-6.04052e-17 -1.96053e-16 1.75318)
(-4.4901e-17 -2.17024e-16 1.71388)
(-3.18843e-17 -2.10552e-16 1.67352)
(-2.16757e-17 -2.13518e-16 1.63198)
(2.28976e-18 -2.11096e-16 1.5891)
(3.97637e-17 -2.08565e-16 1.54467)
(6.04981e-17 -2.02247e-16 1.49839)
(4.50245e-17 -1.98638e-16 1.44981)
(3.98931e-17 -1.96516e-16 1.39849)
(3.51137e-17 -1.94228e-16 1.34386)
(2.17407e-17 -1.91696e-16 1.28526)
(7.96605e-18 -1.86747e-16 1.22188)
(2.87287e-20 -1.78988e-16 1.15276)
(8.14375e-18 -1.68142e-16 1.07682)
(2.06733e-17 -1.55565e-16 0.992923)
(2.25292e-17 -1.41849e-16 0.900018)
(1.79408e-17 -1.26862e-16 0.796916)
(1.45729e-17 -1.10236e-16 0.683239)
(1.18912e-17 -9.2217e-17 0.562315)
(7.34582e-18 -7.39435e-17 0.441313)
(4.29455e-18 -5.6261e-17 0.326884)
(2.97973e-18 -3.94825e-17 0.221999)
(1.45256e-18 -2.30121e-17 0.126896)
(2.68143e-19 -8.67781e-18 0.0408754)
(-7.6975e-17 -1.50425e-16 1.9676)
(-1.76401e-17 -1.40291e-16 1.93409)
(1.33986e-17 -1.68217e-16 1.89947)
(-1.98323e-17 -1.70106e-16 1.86387)
(-3.41732e-17 -1.7804e-16 1.82734)
(-7.48454e-17 -2.0684e-16 1.78991)
(-9.46841e-17 -2.24458e-16 1.75156)
(-2.11336e-17 -2.27076e-16 1.71224)
(1.04093e-17 -2.19968e-16 1.67185)
(-1.21306e-17 -2.09335e-16 1.63028)
(-1.1594e-17 -2.01622e-16 1.58737)
(-1.25526e-18 -1.90466e-16 1.5429)
(-4.47097e-18 -1.85569e-16 1.49658)
(-3.17858e-17 -1.82054e-16 1.44795)
(-4.61043e-17 -1.76733e-16 1.39657)
(-4.05442e-17 -1.68489e-16 1.34187)
(-3.39339e-17 -1.58472e-16 1.28319)
(-2.23546e-17 -1.45827e-16 1.21972)
(-3.28038e-18 -1.3088e-16 1.15051)
(1.7942e-17 -1.14435e-16 1.07447)
(2.60835e-17 -9.94893e-17 0.99048)
(2.0449e-17 -8.56804e-17 0.897509)
(1.18519e-17 -7.18588e-17 0.794372)
(7.38104e-18 -5.7816e-17 0.680742)
(6.06895e-18 -4.43254e-17 0.560039)
(4.58114e-18 -3.26378e-17 0.439426)
(3.99775e-18 -2.2785e-17 0.325458)
(2.2582e-18 -1.43248e-17 0.221025)
(8.63675e-19 -5.66963e-18 0.126337)
(6.29307e-19 -4.79776e-18 0.0406953)
(-7.15707e-17 -2.04714e-16 1.96474)
(-4.64589e-17 -2.00954e-16 1.93114)
(4.172e-18 -1.73834e-16 1.89646)
(1.98519e-17 -2.09227e-16 1.86079)
(-4.16322e-17 -2.43816e-16 1.82421)
(-8.69708e-17 -2.60641e-16 1.78673)
(-9.42928e-17 -2.4792e-16 1.74832)
(-3.80684e-17 -2.24894e-16 1.70894)
(3.16401e-17 -2.14115e-16 1.6685)
(3.94459e-17 -2.04299e-16 1.62687)
(4.55268e-17 -1.94955e-16 1.5839)
(5.95844e-17 -1.93003e-16 1.53936)
(5.30076e-17 -1.9373e-16 1.49295)
(3.31711e-17 -1.94018e-16 1.44422)
(2.16422e-17 -1.89874e-16 1.39271)
(2.3564e-17 -1.8105e-16 1.33787)
(2.52781e-17 -1.70714e-16 1.27904)
(2.52864e-17 -1.61749e-16 1.21539)
(2.37331e-17 -1.51766e-16 1.14599)
(2.61762e-17 -1.39132e-16 1.06975)
(3.23107e-17 -1.24985e-16 0.985577)
(3.45986e-17 -1.10362e-16 0.892477)
(2.73564e-17 -9.5975e-17 0.789277)
(2.00982e-17 -8.01577e-17 0.675751)
(1.69718e-17 -6.34226e-17 0.555501)
(1.37243e-17 -4.78582e-17 0.435669)
(1.04477e-17 -3.39244e-17 0.322619)
(6.86802e-18 -2.10603e-17 0.219086)
(3.07687e-18 -8.32332e-18 0.125226)
(1.17805e-18 -6.36314e-18 0.0403368)
(-5.96063e-17 -1.82444e-16 1.96044)
(2.93006e-17 -1.12181e-16 1.92672)
(2.9138e-19 -1.05404e-16 1.89193)
(-7.66145e-17 -1.81005e-16 1.85617)
(-4.07946e-17 -2.11577e-16 1.8195)
(-9.12939e-18 -2.07621e-16 1.78194)
(1.00368e-17 -2.01565e-16 1.74345)
(2.20016e-17 -1.88828e-16 1.704)
(2.68051e-17 -1.89449e-16 1.66347)
(1.79905e-17 -1.89834e-16 1.62176)
(-2.85978e-17 -1.98141e-16 1.57868)
(-5.7499e-17 -2.05019e-16 1.53404)
(-5.0872e-17 -2.01703e-16 1.48748)
(-5.40656e-17 -2.014e-16 1.43859)
(-4.91668e-17 -1.94204e-16 1.3869)
(-3.52076e-17 -1.8436e-16 1.33184)
(-4.5375e-17 -1.78563e-16 1.27276)
(-4.92221e-17 -1.68681e-16 1.20885)
(-2.05237e-17 -1.47331e-16 1.13915)
(1.91654e-18 -1.27122e-16 1.06262)
(2.53402e-18 -1.11534e-16 0.978179)
(-3.27008e-18 -9.65085e-17 0.884895)
(-6.44803e-18 -7.91323e-17 0.781618)
(-1.86851e-18 -5.90549e-17 0.668271)
(1.91292e-18 -4.0419e-17 0.548725)
(3.15102e-18 -2.52315e-17 0.430074)
(2.04376e-18 -1.38978e-17 0.318396)
(1.12071e-18 -5.34541e-18 0.216202)
(-3.52393e-19 9.31893e-19 0.123575)
(4.31286e-19 -7.60991e-19 0.0398038)
(5.103e-17 -2.14372e-16 1.95468)
(4.5373e-17 -1.7423e-16 1.9208)
(-2.00872e-17 -2.655e-16 1.88587)
(-6.57241e-17 -2.85264e-16 1.84998)
(-2.91675e-17 -2.79943e-16 1.8132)
(1.92597e-18 -2.93237e-16 1.77553)
(3.12608e-17 -3.10118e-16 1.73694)
(7.10987e-17 -3.13469e-16 1.69738)
(1.06094e-16 -3.07447e-16 1.65674)
(1.1227e-16 -3.15418e-16 1.61491)
(9.29671e-17 -3.3276e-16 1.5717)
(7.74728e-17 -3.37327e-16 1.5269)
(5.38374e-17 -3.43547e-16 1.48015)
(4.04375e-17 -3.44931e-16 1.43104)
(3.68132e-17 -3.37422e-16 1.37909)
(3.3997e-17 -3.28924e-16 1.32374)
(4.49389e-17 -3.15496e-16 1.26433)
(5.66e-17 -2.9729e-16 1.20005)
(5.31826e-17 -2.81811e-16 1.12996)
(3.97105e-17 -2.69475e-16 1.05303)
(3.7524e-17 -2.50337e-16 0.968238)
(4.44671e-17 -2.23056e-16 0.874724)
(4.78709e-17 -1.92675e-16 0.771372)
(4.26218e-17 -1.62621e-16 0.658309)
(3.43221e-17 -1.3228e-16 0.539745)
(2.50804e-17 -1.02485e-16 0.422687)
(1.96667e-17 -7.36535e-17 0.312829)
(1.49189e-17 -4.77103e-17 0.212402)
(9.67562e-18 -2.58088e-17 0.121398)
(2.549e-18 -7.61052e-18 0.0391015)
(3.77888e-17 -2.32162e-16 1.94746)
(5.12757e-17 -2.35618e-16 1.91336)
(3.39546e-17 -2.86213e-16 1.87825)
(6.22685e-17 -2.71098e-16 1.84221)
(8.5545e-17 -2.74016e-16 1.80529)
(9.64641e-17 -2.93171e-16 1.76749)
(1.41653e-16 -2.92853e-16 1.72877)
(2.1067e-16 -2.72367e-16 1.68907)
(2.27741e-16 -2.71247e-16 1.6483)
(1.91069e-16 -2.93161e-16 1.60631)
(1.68218e-16 -3.08471e-16 1.56294)
(1.64403e-16 -3.19319e-16 1.51794)
(1.5534e-16 -3.31589e-16 1.47095)
(1.57194e-16 -3.31333e-16 1.42155)
(1.62479e-16 -3.27046e-16 1.36927)
(1.44983e-16 -3.2994e-16 1.31355)
(1.29022e-16 -3.29502e-16 1.25373)
(1.29215e-16 -3.18195e-16 1.18898)
(1.24286e-16 -3.05475e-16 1.11839)
(1.1181e-16 -2.90696e-16 1.04097)
(1.14036e-16 -2.65008e-16 0.955737)
(1.17977e-16 -2.34518e-16 0.861897)
(9.67702e-17 -2.10488e-16 0.758428)
(7.51011e-17 -1.82272e-16 0.645788)
(6.40585e-17 -1.47476e-16 0.52853)
(5.3322e-17 -1.13293e-16 0.413501)
(3.94744e-17 -8.31276e-17 0.30592)
(2.60812e-17 -5.58688e-17 0.207688)
(1.44406e-17 -3.19081e-17 0.118699)
(4.56448e-18 -9.24734e-18 0.0382305)
(6.13263e-17 -1.54945e-16 1.93874)
(2.19549e-17 -1.45281e-16 1.90437)
(3.46621e-17 -1.58363e-16 1.86904)
(8.64541e-17 -1.89155e-16 1.83282)
(1.03029e-16 -2.17654e-16 1.79574)
(1.33989e-16 -2.32663e-16 1.75778)
(1.97566e-16 -2.24775e-16 1.71891)
(2.53416e-16 -2.19548e-16 1.67905)
(2.77054e-16 -2.38014e-16 1.63811)
(2.75293e-16 -2.59244e-16 1.59593)
(2.38343e-16 -2.90323e-16 1.55236)
(2.02986e-16 -3.20438e-16 1.50711)
(2.00947e-16 -3.33145e-16 1.45982)
(2.14496e-16 -3.34849e-16 1.41007)
(2.08313e-16 -3.45145e-16 1.3574)
(1.92536e-16 -3.56778e-16 1.30123)
(1.97267e-16 -3.53817e-16 1.2409)
(2.04784e-16 -3.44953e-16 1.17559)
(1.99667e-16 -3.37774e-16 1.1044)
(1.85825e-16 -3.28266e-16 1.02638)
(1.76455e-16 -3.1029e-16 0.940635)
(1.7274e-16 -2.84153e-16 0.846361)
(1.64046e-16 -2.53756e-16 0.742731)
(1.42672e-16 -2.22524e-16 0.630703)
(1.08956e-16 -1.92675e-16 0.515121)
(8.11612e-17 -1.57667e-16 0.402575)
(6.31951e-17 -1.18334e-16 0.297718)
(4.60239e-17 -8.09995e-17 0.202095)
(2.77857e-17 -4.83756e-17 0.115496)
(8.16294e-18 -1.41341e-17 0.0371974)
(1.44759e-16 -1.56138e-16 1.92844)
(1.3808e-16 -1.41481e-16 1.89373)
(1.04957e-16 -1.73419e-16 1.85818)
(1.53525e-16 -1.88045e-16 1.82177)
(2.03484e-16 -1.55512e-16 1.78452)
(2.25669e-16 -1.38408e-16 1.74639)
(2.63768e-16 -1.10687e-16 1.70734)
(2.92869e-16 -1.07513e-16 1.66729)
(3.04405e-16 -1.28398e-16 1.62614)
(3.07678e-16 -1.52409e-16 1.58374)
(2.95417e-16 -1.82938e-16 1.53991)
(2.79252e-16 -2.0908e-16 1.49436)
(2.65143e-16 -2.25012e-16 1.4467)
(2.5893e-16 -2.333e-16 1.39653)
(2.55507e-16 -2.39055e-16 1.34337)
(2.33439e-16 -2.49505e-16 1.28665)
(2.07824e-16 -2.55721e-16 1.2257)
(1.9922e-16 -2.49628e-16 1.15972)
(1.96646e-16 -2.37671e-16 1.08783)
(1.83836e-16 -2.28151e-16 1.00914)
(1.60448e-16 -2.20443e-16 0.922817)
(1.44075e-16 -2.04948e-16 0.828099)
(1.28223e-16 -1.84737e-16 0.724391)
(1.06493e-16 -1.63514e-16 0.613234)
(8.39576e-17 -1.39168e-16 0.499731)
(6.4683e-17 -1.12084e-16 0.390104)
(4.8295e-17 -8.49932e-17 0.288376)
(3.48776e-17 -5.9204e-17 0.195729)
(2.21836e-17 -3.61611e-17 0.111852)
(6.55903e-18 -9.81285e-18 0.0360217)
(6.41009e-16 -3.85636e-16 1.91624)
(5.36631e-16 -2.27855e-16 1.88127)
(4.76177e-16 -1.65939e-16 1.84558)
(4.86467e-16 -7.66175e-17 1.80903)
(4.94097e-16 -3.21107e-17 1.77162)
(4.62363e-16 -1.4856e-17 1.73331)
(4.21147e-16 1.31859e-18 1.69406)
(3.43848e-16 -2.8244e-17 1.65379)
(2.85289e-16 -5.70268e-17 1.61239)
(2.60305e-16 -8.17808e-17 1.56972)
(2.2949e-16 -1.22391e-16 1.52556)
(2.23826e-16 -1.4458e-16 1.47961)
(2.37257e-16 -1.51874e-16 1.43149)
(2.31204e-16 -1.67298e-16 1.3808)
(2.23279e-16 -1.78501e-16 1.32705)
(2.36227e-16 -1.70988e-16 1.26968)
(2.41354e-16 -1.66501e-16 1.208)
(2.21619e-16 -1.77969e-16 1.14124)
(2.0317e-16 -1.84476e-16 1.06855)
(1.90637e-16 -1.82657e-16 0.989105)
(1.72479e-16 -1.80053e-16 0.902199)
(1.55169e-16 -1.71225e-16 0.807075)
(1.47219e-16 -1.50391e-16 0.703438)
(1.32562e-16 -1.29357e-16 0.593486)
(1.06702e-16 -1.1278e-16 0.482506)
(8.09078e-17 -9.44336e-17 0.376227)
(6.11547e-17 -7.26797e-17 0.278004)
(4.31352e-17 -5.17788e-17 0.188664)
(2.66412e-17 -3.17631e-17 0.107808)
(7.43435e-18 -1.00762e-17 0.0347172)
(2.6119e-15 1.04567e-15 1.90125)
(1.3533e-15 5.88254e-16 1.86688)
(9.51498e-16 4.46553e-16 1.83127)
(7.46814e-16 4.11124e-16 1.79463)
(6.41691e-16 3.69143e-16 1.75706)
(6.04375e-16 3.59472e-16 1.71855)
(5.73867e-16 3.23324e-16 1.67908)
(5.07718e-16 2.57507e-16 1.63857)
(4.15448e-16 1.90481e-16 1.5969)
(3.13177e-16 1.11079e-16 1.5539)
(2.53441e-16 6.23689e-17 1.50931)
(2.33267e-16 4.38991e-17 1.46283)
(2.30158e-16 3.32133e-17 1.41411)
(2.44788e-16 3.58732e-17 1.36276)
(2.5231e-16 3.56065e-17 1.30829)
(2.31335e-16 1.32071e-17 1.25011)
(1.99245e-16 -1.97882e-17 1.18756)
(1.84954e-16 -3.63363e-17 1.11987)
(1.76592e-16 -4.47935e-17 1.04626)
(1.62414e-16 -5.56768e-17 0.965998)
(1.43959e-16 -6.67088e-17 0.87851)
(1.23114e-16 -7.55696e-17 0.783074)
(1.05444e-16 -7.75254e-17 0.679743)
(8.85942e-17 -7.46753e-17 0.571421)
(7.22517e-17 -6.76731e-17 0.463455)
(5.77989e-17 -5.67329e-17 0.36096)
(4.45223e-17 -4.46681e-17 0.266611)
(3.23886e-17 -3.30061e-17 0.180903)
(2.08567e-17 -2.18185e-17 0.103363)
(5.51225e-18 -6.00411e-18 0.0332826)
(1.03313e-15 2.58603e-15 1.90114)
(6.00586e-16 1.42945e-15 1.86683)
(4.37371e-16 1.10644e-15 1.83124)
(3.61536e-16 9.34278e-16 1.79463)
(3.00221e-16 7.93221e-16 1.75707)
(2.31437e-16 6.68717e-16 1.71859)
(1.79374e-16 5.45797e-16 1.67915)
(1.601e-16 4.90522e-16 1.63867)
(1.48176e-16 4.58743e-16 1.59702)
(1.112e-16 4.21063e-16 1.55402)
(6.08129e-17 3.88791e-16 1.50943)
(1.66899e-17 3.60319e-16 1.46296)
(-1.30115e-17 3.45384e-16 1.41427)
(-3.02919e-17 3.38354e-16 1.36294)
(-4.62578e-17 3.26335e-16 1.3085)
(-6.14249e-17 3.10772e-16 1.25035)
(-7.79215e-17 2.91462e-16 1.18783)
(-9.79811e-17 2.66683e-16 1.12017)
(-1.1286e-16 2.43195e-16 1.04658)
(-1.17869e-16 2.2776e-16 0.966325)
(-1.19197e-16 2.10653e-16 0.878844)
(-1.21424e-16 1.86337e-16 0.783405)
(-1.17571e-16 1.6158e-16 0.680063)
(-1.07983e-16 1.37018e-16 0.57172)
(-9.31981e-17 1.14752e-16 0.463723)
(-7.89185e-17 8.98484e-17 0.361187)
(-6.30702e-17 6.51341e-17 0.26679)
(-4.44006e-17 4.28938e-17 0.181032)
(-2.4184e-17 2.25685e-17 0.103441)
(-1.00948e-17 9.27304e-18 0.0333086)
(-5.02823e-16 6.61959e-16 1.91613)
(-2.78121e-16 7.19823e-16 1.88117)
(-2.06003e-16 6.58882e-16 1.8455)
(-1.87476e-16 5.99795e-16 1.80897)
(-1.51606e-16 5.7986e-16 1.77156)
(-1.23138e-16 5.55194e-16 1.73326)
(-1.29745e-16 5.29769e-16 1.69402)
(-1.40642e-16 5.11221e-16 1.65376)
(-1.45539e-16 4.89694e-16 1.61236)
(-1.44249e-16 4.81187e-16 1.56969)
(-1.64405e-16 4.53777e-16 1.52554)
(-2.05491e-16 4.0845e-16 1.47959)
(-2.41452e-16 3.69999e-16 1.43147)
(-2.60228e-16 3.43724e-16 1.38077)
(-2.73909e-16 3.20757e-16 1.32702)
(-2.93019e-16 2.88261e-16 1.26964)
(-3.03531e-16 2.60528e-16 1.20795)
(-3.01032e-16 2.48747e-16 1.14118)
(-2.86392e-16 2.4861e-16 1.06847)
(-2.67201e-16 2.48267e-16 0.989007)
(-2.52985e-16 2.33642e-16 0.902084)
(-2.40896e-16 2.06904e-16 0.806945)
(-2.24759e-16 1.77171e-16 0.703299)
(-1.99256e-16 1.50962e-16 0.593349)
(-1.67072e-16 1.27467e-16 0.482384)
(-1.36413e-16 9.96764e-17 0.376127)
(-1.02647e-16 7.60587e-17 0.27793)
(-6.89861e-17 5.44136e-17 0.188613)
(-3.85205e-17 3.13826e-17 0.107778)
(-1.35512e-17 1.146e-17 0.0347072)
(-3.1251e-16 2.14846e-16 1.92834)
(-2.94689e-16 2.7434e-16 1.89363)
(-2.57836e-16 3.25283e-16 1.85808)
(-2.70333e-16 3.78816e-16 1.82168)
(-2.92997e-16 3.39014e-16 1.78442)
(-2.85089e-16 3.33014e-16 1.74629)
(-2.69849e-16 3.26888e-16 1.70724)
(-2.83618e-16 2.88124e-16 1.66719)
(-3.00824e-16 2.62922e-16 1.62604)
(-3.03232e-16 2.6531e-16 1.58364)
(-2.90618e-16 2.87155e-16 1.5398)
(-2.89983e-16 2.89166e-16 1.49424)
(-3.17803e-16 2.46222e-16 1.44658)
(-3.41471e-16 2.1294e-16 1.39639)
(-3.43468e-16 2.13396e-16 1.34322)
(-3.4426e-16 2.07613e-16 1.28649)
(-3.3577e-16 2.13168e-16 1.22552)
(-3.20445e-16 2.23199e-16 1.15952)
(-3.09394e-16 2.17746e-16 1.08762)
(-2.94688e-16 2.06898e-16 1.0089)
(-2.7363e-16 1.96676e-16 0.922571)
(-2.44925e-16 1.91158e-16 0.82784)
(-2.16023e-16 1.78449e-16 0.724127)
(-1.90982e-16 1.51381e-16 0.61298)
(-1.65599e-16 1.17983e-16 0.499506)
(-1.35915e-16 8.93286e-17 0.389921)
(-1.03075e-16 6.75332e-17 0.288239)
(-7.06747e-17 4.8287e-17 0.195635)
(-4.11566e-17 2.94414e-17 0.111798)
(-1.27408e-17 8.95252e-18 0.0360037)
(-2.93961e-16 1.86981e-16 1.93866)
(-2.84353e-16 1.93688e-16 1.90428)
(-3.07771e-16 1.93854e-16 1.86895)
(-3.15906e-16 1.98661e-16 1.83272)
(-3.4601e-16 1.69612e-16 1.79564)
(-3.61782e-16 1.61785e-16 1.75768)
(-3.68173e-16 1.84186e-16 1.7188)
(-3.50119e-16 2.48368e-16 1.67894)
(-3.39964e-16 2.97616e-16 1.63798)
(-3.31614e-16 3.20221e-16 1.59581)
(-3.32361e-16 3.1545e-16 1.55222)
(-3.33181e-16 3.0065e-16 1.50697)
(-3.29735e-16 2.98805e-16 1.45967)
(-3.28662e-16 3.03894e-16 1.40991)
(-3.38676e-16 2.81505e-16 1.35722)
(-3.50358e-16 2.48716e-16 1.30104)
(-3.53221e-16 2.32521e-16 1.24069)
(-3.55594e-16 2.08261e-16 1.17536)
(-3.54698e-16 1.80861e-16 1.10416)
(-3.41885e-16 1.65308e-16 1.02613)
(-3.14339e-16 1.69352e-16 0.940366)
(-2.79795e-16 1.75624e-16 0.84608)
(-2.47645e-16 1.65391e-16 0.742445)
(-2.17191e-16 1.40623e-16 0.630427)
(-1.84177e-16 1.12834e-16 0.514875)
(-1.47137e-16 9.02912e-17 0.402374)
(-1.11285e-16 6.85055e-17 0.297567)
(-7.86516e-17 4.5667e-17 0.201992)
(-4.73814e-17 2.59198e-17 0.115437)
(-1.46332e-17 7.56629e-18 0.0371778)
(-3.09334e-16 1.53221e-16 1.94739)
(-2.98417e-16 1.57272e-16 1.91329)
(-3.3688e-16 1.57401e-16 1.87817)
(-3.22752e-16 1.55391e-16 1.84212)
(-3.54435e-16 1.23925e-16 1.8052)
(-3.70446e-16 1.41471e-16 1.76739)
(-4.03466e-16 1.74553e-16 1.72867)
(-4.23672e-16 1.59845e-16 1.68896)
(-4.45537e-16 1.28138e-16 1.64818)
(-4.59744e-16 1.12528e-16 1.60619)
(-4.61398e-16 1.35357e-16 1.56281)
(-4.59357e-16 1.65115e-16 1.5178)
(-4.48947e-16 1.8968e-16 1.4708)
(-4.42892e-16 1.9463e-16 1.42139)
(-4.37969e-16 1.87876e-16 1.3691)
(-4.24642e-16 1.96324e-16 1.31337)
(-4.09218e-16 2.05894e-16 1.25353)
(-3.9907e-16 1.96104e-16 1.18878)
(-3.91127e-16 1.7372e-16 1.11818)
(-3.71989e-16 1.70454e-16 1.04074)
(-3.45894e-16 1.746e-16 0.955495)
(-3.22981e-16 1.58304e-16 0.861645)
(-2.95699e-16 1.36451e-16 0.75817)
(-2.60373e-16 1.17623e-16 0.645537)
(-2.19124e-16 9.8587e-17 0.528305)
(-1.75451e-16 7.99327e-17 0.413317)
(-1.33378e-16 5.9627e-17 0.305781)
(-9.37784e-17 3.91959e-17 0.207593)
(-5.54156e-17 2.3727e-17 0.118644)
(-1.7211e-17 7.32465e-18 0.0382124)
(-2.61724e-16 1.08837e-16 1.95462)
(-2.45362e-16 1.43046e-16 1.92073)
(-2.91076e-16 6.83029e-17 1.8858)
(-3.20251e-16 3.46088e-17 1.84991)
(-3.26756e-16 4.69241e-17 1.81312)
(-3.32421e-16 9.3629e-17 1.77545)
(-3.43504e-16 8.69182e-17 1.73686)
(-3.5029e-16 6.83208e-17 1.69729)
(-3.51971e-16 1.02109e-16 1.65665)
(-3.57703e-16 1.42414e-16 1.61481)
(-3.66378e-16 1.58619e-16 1.5716)
(-3.89638e-16 1.1638e-16 1.52679)
(-4.0898e-16 8.10431e-17 1.48003)
(-4.14423e-16 8.31021e-17 1.43091)
(-4.21989e-16 7.56505e-17 1.37895)
(-4.23895e-16 7.58127e-17 1.32359)
(-4.18081e-16 8.19021e-17 1.26417)
(-4.11037e-16 7.79568e-17 1.19988)
(-3.95929e-16 8.57026e-17 1.12978)
(-3.72522e-16 1.06783e-16 1.05284)
(-3.46555e-16 1.19545e-16 0.968042)
(-3.19589e-16 1.21435e-16 0.874522)
(-2.89645e-16 1.16205e-16 0.771167)
(-2.59689e-16 9.28906e-17 0.65811)
(-2.23262e-16 7.10948e-17 0.539565)
(-1.79314e-16 6.10411e-17 0.422539)
(-1.35701e-16 5.04249e-17 0.312717)
(-9.58861e-17 3.59467e-17 0.212325)
(-5.9937e-17 2.14451e-17 0.121354)
(-1.64148e-17 6.29687e-18 0.0390868)
(-2.14438e-16 3.17397e-17 1.96038)
(-1.5995e-16 8.83743e-17 1.92667)
(-1.84995e-16 9.03876e-17 1.89187)
(-2.56132e-16 7.36966e-17 1.85611)
(-2.9155e-16 4.00946e-17 1.81944)
(-3.20798e-16 5.71802e-17 1.78188)
(-3.31597e-16 4.20024e-17 1.74339)
(-3.41001e-16 4.64273e-17 1.70393)
(-3.54451e-16 7.84838e-17 1.6634)
(-3.61338e-16 7.65356e-17 1.62168)
(-3.56401e-16 7.06762e-17 1.5786)
(-3.43089e-16 8.35911e-17 1.53395)
(-3.33639e-16 1.15043e-16 1.4874)
(-3.29703e-16 1.31e-16 1.4385)
(-3.253e-16 1.24815e-16 1.3868)
(-3.21405e-16 1.09729e-16 1.33174)
(-3.16975e-16 9.1922e-17 1.27265)
(-3.12732e-16 7.03547e-17 1.20873)
(-3.04816e-16 5.5575e-17 1.13902)
(-2.90337e-16 5.44193e-17 1.06248)
(-2.7163e-16 5.66894e-17 0.978038)
(-2.51111e-16 5.45332e-17 0.884748)
(-2.28657e-16 4.65014e-17 0.781469)
(-2.02377e-16 3.82663e-17 0.668125)
(-1.72514e-16 3.13111e-17 0.548591)
(-1.38983e-16 2.84054e-17 0.429964)
(-1.05518e-16 2.6227e-17 0.318313)
(-7.56294e-17 2.09878e-17 0.216145)
(-5.01876e-17 1.44422e-17 0.123541)
(-1.1035e-17 3.14756e-18 0.0397927)
(-2.33537e-16 -8.98959e-18 1.96469)
(-2.18719e-16 9.824e-17 1.9311)
(-1.69268e-16 1.49509e-16 1.89641)
(-2.06269e-16 1.08255e-16 1.86075)
(-2.59897e-16 7.6759e-17 1.82417)
(-2.96472e-16 7.74316e-17 1.78669)
(-3.15437e-16 2.88047e-17 1.74828)
(-3.20636e-16 5.65245e-17 1.7089)
(-3.11582e-16 7.87315e-17 1.66846)
(-3.16589e-16 3.92707e-17 1.62683)
(-3.15616e-16 1.44194e-17 1.58385)
(-3.06731e-16 1.79952e-17 1.53931)
(-2.89682e-16 4.5867e-17 1.4929)
(-2.78608e-16 3.78043e-17 1.44416)
(-2.72432e-16 3.61284e-18 1.39265)
(-2.60004e-16 5.36317e-18 1.33781)
(-2.44046e-16 2.26476e-17 1.27896)
(-2.31041e-16 2.66493e-17 1.21531)
(-2.18224e-16 2.59006e-17 1.1459)
(-2.03675e-16 2.96461e-17 1.06966)
(-1.88306e-16 3.1074e-17 0.985483)
(-1.71623e-16 2.89001e-17 0.892379)
(-1.53141e-16 2.83296e-17 0.789177)
(-1.33017e-16 2.72069e-17 0.675653)
(-1.12013e-16 2.19199e-17 0.555411)
(-9.0281e-17 1.54702e-17 0.435594)
(-6.8706e-17 1.2055e-17 0.322562)
(-4.91293e-17 9.37066e-18 0.219046)
(-3.28239e-17 6.4962e-18 0.125204)
(-6.64231e-18 1.56524e-18 0.0403291)
(-2.9677e-16 3.51729e-17 1.96756)
(-2.55316e-16 4.1324e-17 1.93405)
(-2.28284e-16 8.16798e-17 1.89944)
(-1.99723e-16 1.74242e-16 1.86384)
(-2.25639e-16 1.45814e-16 1.82731)
(-2.38391e-16 7.75328e-17 1.78989)
(-2.4088e-16 6.13821e-18 1.75154)
(-2.48154e-16 -3.34621e-17 1.71221)
(-2.30254e-16 -2.86172e-17 1.67182)
(-2.13399e-16 -2.56735e-17 1.63025)
(-2.06197e-16 -4.00301e-17 1.58734)
(-2.00268e-16 -3.84879e-17 1.54287)
(-1.91204e-16 -9.76059e-18 1.49654)
(-1.74546e-16 2.16068e-17 1.44792)
(-1.65054e-16 3.94471e-17 1.39653)
(-1.59086e-16 4.27189e-17 1.34183)
(-1.51037e-16 3.77794e-17 1.28315)
(-1.41549e-16 2.41032e-17 1.21968)
(-1.30678e-16 1.22842e-17 1.15046)
(-1.1749e-16 1.41656e-17 1.07442)
(-1.04259e-16 1.09322e-17 0.990421)
(-9.06938e-17 4.06482e-18 0.897447)
(-7.6256e-17 1.51868e-18 0.794308)
(-6.12318e-17 3.93729e-18 0.680679)
(-4.63919e-17 7.26022e-18 0.559981)
(-3.34576e-17 6.40024e-18 0.439377)
(-2.29487e-17 3.77361e-18 0.32542)
(-1.47564e-17 1.93902e-18 0.220999)
(-9.09709e-18 1.25177e-18 0.126322)
(-9.77962e-19 4.53637e-20 0.0406901)
(-3.22611e-16 -1.31575e-17 1.96899)
(-2.81346e-16 1.40118e-17 1.93552)
(-2.9781e-16 8.23884e-17 1.90095)
(-2.63666e-16 1.09831e-16 1.86538)
(-2.49828e-16 1.0211e-16 1.82889)
(-2.3004e-16 3.78787e-17 1.79149)
(-2.26408e-16 -1.24251e-17 1.75316)
(-2.35853e-16 -2.34203e-17 1.71386)
(-2.32616e-16 -4.9382e-17 1.6735)
(-2.27766e-16 -5.08311e-17 1.63196)
(-2.26392e-16 -2.95937e-17 1.58908)
(-2.28273e-16 -1.09128e-17 1.54465)
(-2.27902e-16 -1.96202e-17 1.49837)
(-2.24126e-16 -2.70681e-17 1.44979)
(-2.18261e-16 -1.47464e-17 1.39847)
(-2.12042e-16 -2.00349e-17 1.34383)
(-2.06725e-16 -3.73359e-17 1.28523)
(-2.00987e-16 -4.88585e-17 1.22185)
(-1.93177e-16 -4.37077e-17 1.15273)
(-1.83342e-16 -2.57148e-17 1.07679)
(-1.72438e-16 -1.36961e-17 0.992883)
(-1.60413e-16 -6.39605e-18 0.899976)
(-1.46161e-16 2.61891e-18 0.796872)
(-1.29516e-16 7.75154e-18 0.683195)
(-1.10501e-16 7.11638e-18 0.562274)
(-8.99209e-17 6.33047e-18 0.441278)
(-6.89563e-17 5.03573e-18 0.326858)
(-4.8142e-17 3.75098e-18 0.221981)
(-2.75316e-17 2.24768e-18 0.126885)
(-1.0435e-17 5.89864e-19 0.0408717)
(-3.18823e-16 1.10703e-17 1.96899)
(-3.2396e-16 -7.90747e-18 1.93552)
(-2.78005e-16 1.81439e-17 1.90095)
(-2.42556e-16 6.53556e-17 1.86538)
(-2.21355e-16 3.31583e-17 1.82889)
(-2.09465e-16 -1.95238e-17 1.79149)
(-2.08929e-16 -1.62824e-17 1.75316)
(-1.96917e-16 -5.93772e-17 1.71386)
(-1.80288e-16 -9.2658e-17 1.6735)
(-1.6701e-16 -7.56243e-17 1.63196)
(-1.53491e-16 -6.17559e-17 1.58908)
(-1.39394e-16 -6.3947e-17 1.54465)
(-1.21356e-16 -6.65426e-17 1.49837)
(-1.09524e-16 -5.65872e-17 1.44979)
(-9.75143e-17 -4.56067e-17 1.39847)
(-8.66215e-17 -3.16477e-17 1.34383)
(-7.75527e-17 -1.62093e-17 1.28523)
(-6.79879e-17 -2.27086e-17 1.22185)
(-5.90167e-17 -3.57524e-17 1.15273)
(-5.03382e-17 -2.85553e-17 1.07679)
(-4.15322e-17 -1.54931e-17 0.992883)
(-3.34223e-17 -8.07329e-18 0.899976)
(-2.59351e-17 -3.20456e-19 0.796872)
(-1.88224e-17 4.19089e-18 0.683195)
(-1.28396e-17 3.56343e-18 0.562274)
(-8.55283e-18 2.01826e-18 0.441278)
(-5.41622e-18 1.644e-19 0.326858)
(-2.20299e-18 3.77993e-19 0.221981)
(2.5813e-18 5.3748e-19 0.126885)
(-3.81264e-18 3.51341e-19 0.0408717)
(-1.93303e-16 1.94633e-17 1.96756)
(-1.80837e-16 -6.21842e-17 1.93405)
(-1.67828e-16 -5.93826e-17 1.89944)
(-1.51227e-16 -1.71545e-18 1.86384)
(-1.21262e-16 3.2921e-17 1.82731)
(-1.18439e-16 8.72157e-18 1.78989)
(-1.13128e-16 -4.61976e-17 1.75154)
(-1.05411e-16 -9.42938e-17 1.71221)
(-1.05722e-16 -1.27647e-16 1.67182)
(-1.03898e-16 -1.25275e-16 1.63025)
(-1.09538e-16 -1.02037e-16 1.58734)
(-1.10279e-16 -9.42599e-17 1.54288)
(-1.10825e-16 -7.84609e-17 1.49655)
(-1.11616e-16 -5.02428e-17 1.44792)
(-1.132e-16 -2.5168e-17 1.39653)
(-1.14935e-16 -6.25114e-18 1.34183)
(-1.13385e-16 -5.90011e-18 1.28315)
(-1.08386e-16 -8.45371e-18 1.21968)
(-1.041e-16 -9.09528e-18 1.15046)
(-9.93464e-17 -1.23858e-17 1.07442)
(-9.4578e-17 -6.60499e-18 0.990422)
(-8.91494e-17 4.89086e-18 0.897448)
(-8.14526e-17 8.78187e-18 0.794309)
(-7.14134e-17 7.08875e-18 0.680679)
(-6.03282e-17 3.70994e-18 0.559981)
(-4.96194e-17 2.5897e-18 0.439377)
(-3.85742e-17 1.15712e-18 0.325421)
(-2.5817e-17 -5.54311e-19 0.220999)
(-9.96888e-18 -8.47169e-19 0.126322)
(-1.05392e-17 -1.27575e-18 0.0406901)
(-8.2319e-17 -1.87599e-17 1.96469)
(-8.14756e-17 -1.42386e-17 1.9311)
(-8.82918e-17 -6.45361e-18 1.89641)
(-9.20466e-17 6.59739e-18 1.86075)
(-8.03301e-17 2.0861e-17 1.82417)
(-6.5201e-17 3.2161e-17 1.78669)
(-5.05237e-17 2.82349e-17 1.74828)
(-4.26623e-17 -4.09216e-18 1.7089)
(-5.05502e-17 -4.11611e-17 1.66846)
(-6.22088e-17 -2.34146e-17 1.62683)
(-6.72738e-17 -3.48375e-18 1.58385)
(-6.83653e-17 -2.01275e-17 1.53931)
(-6.76698e-17 -3.37988e-17 1.4929)
(-6.57691e-17 -2.3579e-17 1.44416)
(-6.57342e-17 -5.91985e-18 1.39265)
(-6.00455e-17 -3.64799e-18 1.33781)
(-4.95833e-17 -2.51213e-17 1.27896)
(-4.08951e-17 -4.61431e-17 1.21531)
(-3.75887e-17 -4.79419e-17 1.1459)
(-3.66091e-17 -4.20686e-17 1.06966)
(-3.43081e-17 -3.60506e-17 0.985484)
(-3.15859e-17 -2.89073e-17 0.89238)
(-2.85211e-17 -2.21886e-17 0.789178)
(-2.42384e-17 -2.02034e-17 0.675653)
(-2.14544e-17 -1.31673e-17 0.555411)
(-1.91779e-17 -6.28007e-18 0.435594)
(-1.57975e-17 -4.04065e-18 0.322562)
(-1.07077e-17 -3.44508e-18 0.219046)
(-2.87808e-18 -1.53314e-18 0.125204)
(-6.65909e-18 -1.70523e-18 0.0403291)
(-8.68455e-17 -4.72457e-17 1.96038)
(-1.31569e-16 -5.27428e-17 1.92667)
(-1.46975e-16 -4.02572e-17 1.89187)
(-1.00778e-16 8.02724e-18 1.85611)
(-7.34978e-17 2.24522e-17 1.81944)
(-5.46731e-17 9.86079e-18 1.78188)
(-2.88265e-17 3.43818e-18 1.74339)
(-2.98695e-17 3.7744e-17 1.70393)
(-3.91211e-17 3.52505e-17 1.6634)
(-4.4143e-17 -4.65529e-18 1.62168)
(-4.20065e-17 7.48792e-18 1.57861)
(-3.5116e-17 1.43541e-17 1.53396)
(-2.58763e-17 -9.24916e-18 1.4874)
(-2.72231e-17 -3.34462e-18 1.4385)
(-2.9837e-17 1.20616e-17 1.3868)
(-2.70807e-17 1.67267e-17 1.33174)
(-2.61048e-17 2.98325e-17 1.27265)
(-2.90572e-17 5.09146e-17 1.20873)
(-2.99457e-17 6.19179e-17 1.13903)
(-2.01549e-17 3.56579e-17 1.06248)
(-9.66166e-18 6.00663e-18 0.978038)
(-6.12915e-18 2.36238e-18 0.884749)
(-4.40694e-18 6.59638e-18 0.781469)
(-2.82798e-18 9.38751e-18 0.668125)
(-1.89817e-18 9.73881e-18 0.548592)
(-8.97919e-19 7.47514e-18 0.429964)
(3.68201e-19 3.21822e-18 0.318313)
(1.65096e-18 2.78327e-19 0.216145)
(3.59828e-18 -4.07844e-19 0.123542)
(-2.02925e-18 -6.21073e-19 0.0397928)
(-1.13938e-16 -1.43757e-17 1.95462)
(-1.26626e-16 2.99757e-17 1.92073)
(-8.85342e-17 -9.57771e-17 1.8858)
(-3.68648e-17 -1.22071e-16 1.84991)
(-5.41535e-17 -4.21171e-17 1.81312)
(-5.26046e-17 -1.53006e-17 1.77545)
(-6.84691e-17 1.22865e-17 1.73686)
(-9.28962e-17 7.27376e-17 1.69729)
(-1.0046e-16 1.01585e-16 1.65665)
(-8.44003e-17 5.73115e-17 1.61481)
(-5.97137e-17 -1.10297e-17 1.5716)
(-4.99578e-17 -2.49479e-17 1.52679)
(-5.07581e-17 -9.52462e-18 1.48004)
(-4.84542e-17 -1.97647e-18 1.43091)
(-3.50897e-17 -1.30145e-17 1.37895)
(-2.1901e-17 -2.92102e-17 1.3236)
(-1.41084e-17 -3.54059e-17 1.26418)
(-1.10224e-17 -3.34982e-17 1.19988)
(-6.88156e-18 -3.11705e-17 1.12978)
(-2.20155e-18 -2.76966e-17 1.05284)
(1.34587e-18 -2.44059e-17 0.968043)
(5.0288e-18 -2.36989e-17 0.874523)
(6.23545e-18 -1.861e-17 0.771168)
(2.42483e-18 -2.54782e-18 0.65811)
(3.69007e-19 6.90362e-18 0.539566)
(2.20291e-18 3.44188e-18 0.422539)
(3.32162e-18 4.24304e-19 0.312718)
(2.88735e-18 -2.77143e-19 0.212325)
(2.41445e-18 9.4444e-21 0.121354)
(-4.48946e-19 -3.24706e-19 0.0390868)
(-9.88257e-17 -4.61832e-17 1.94739)
(-7.33394e-17 -5.86281e-17 1.91329)
(-4.25424e-17 -1.10365e-16 1.87817)
(-7.1861e-17 -7.07384e-17 1.84212)
(-1.01755e-16 -2.05445e-17 1.8052)
(-1.02196e-16 -1.6428e-17 1.76739)
(-1.061e-16 -1.29384e-17 1.72867)
(-9.30405e-17 -1.05902e-17 1.68896)
(-6.62041e-17 -3.6839e-17 1.64818)
(-2.06116e-17 -7.62207e-17 1.60619)
(-2.95367e-18 -8.40235e-17 1.56281)
(1.00573e-17 -8.5371e-17 1.5178)
(2.7275e-17 -1.03185e-16 1.4708)
(4.27501e-17 -1.12701e-16 1.42139)
(4.91036e-17 -9.17973e-17 1.3691)
(4.11087e-17 -4.94707e-17 1.31338)
(2.82733e-17 -1.5222e-18 1.25354)
(2.35267e-17 2.73257e-17 1.18878)
(3.00051e-17 2.58143e-17 1.11818)
(4.22375e-17 5.9671e-18 1.04074)
(4.84227e-17 -3.22576e-18 0.955496)
(4.35444e-17 7.8259e-18 0.861646)
(3.7528e-17 1.72009e-17 0.758171)
(3.56499e-17 1.37022e-17 0.645538)
(3.42078e-17 7.12273e-18 0.528306)
(2.93831e-17 5.37196e-18 0.413318)
(2.1913e-17 6.12455e-18 0.305781)
(1.33758e-17 6.90836e-18 0.207593)
(5.65775e-18 3.5226e-18 0.118644)
(3.54447e-18 2.52048e-18 0.0382125)
(-4.39511e-17 3.22073e-17 1.93866)
(-4.38899e-17 1.75889e-17 1.90428)
(-2.51825e-17 -6.74101e-17 1.86895)
(-5.82822e-17 -9.495e-17 1.83273)
(-6.39985e-17 -5.0181e-17 1.79564)
(-5.19259e-17 -4.55351e-17 1.75768)
(-1.46106e-17 -4.26316e-17 1.7188)
(5.66168e-18 -1.55698e-17 1.67894)
(3.86677e-17 -3.02905e-17 1.63799)
(6.53043e-17 -5.71538e-17 1.59581)
(7.34488e-17 -6.49288e-17 1.55222)
(7.7163e-17 -5.50692e-17 1.50697)
(7.31724e-17 -3.7546e-17 1.45967)
(8.36978e-17 -6.12469e-17 1.40991)
(8.02461e-17 -6.19571e-17 1.35722)
(6.30241e-17 -3.34717e-17 1.30104)
(5.92072e-17 -2.78732e-17 1.24069)
(5.26221e-17 -1.17199e-17 1.17536)
(4.14378e-17 1.45355e-17 1.10416)
(3.6761e-17 2.55574e-17 1.02613)
(3.75031e-17 2.36803e-17 0.940367)
(3.93323e-17 1.71516e-17 0.846081)
(4.10563e-17 1.04421e-17 0.742446)
(4.00424e-17 5.79415e-18 0.630428)
(3.5166e-17 4.95502e-18 0.514876)
(2.93833e-17 3.69273e-18 0.402375)
(2.22407e-17 2.9433e-18 0.297567)
(1.29645e-17 3.63376e-18 0.201992)
(3.18818e-18 2.03192e-18 0.115437)
(4.57812e-18 3.04311e-18 0.0371778)
(-9.29403e-18 3.73048e-17 1.92834)
(2.04075e-17 3.21549e-17 1.89363)
(2.57757e-17 4.1598e-17 1.85808)
(1.13146e-17 3.45641e-17 1.82168)
(3.56317e-17 1.27524e-17 1.78442)
(6.83895e-17 -2.66554e-17 1.7463)
(7.76382e-17 -5.04147e-17 1.70724)
(6.14823e-17 -9.05103e-18 1.6672)
(5.58796e-17 2.49671e-17 1.62604)
(4.71762e-17 4.60605e-17 1.58364)
(4.82596e-17 4.91984e-17 1.53981)
(4.98443e-17 4.09147e-17 1.49425)
(4.45022e-17 5.85518e-17 1.44658)
(4.52994e-17 6.35327e-17 1.39639)
(5.39353e-17 5.02136e-17 1.34322)
(5.80676e-17 4.98775e-17 1.28649)
(6.46836e-17 4.44576e-17 1.22552)
(7.42288e-17 3.26773e-17 1.15953)
(7.73704e-17 3.11923e-17 1.08762)
(7.94616e-17 3.13774e-17 1.00891)
(8.54492e-17 2.37863e-17 0.922572)
(9.07577e-17 1.28258e-17 0.827842)
(8.37721e-17 1.49246e-17 0.724128)
(6.69295e-17 2.76906e-17 0.612981)
(5.03198e-17 3.67871e-17 0.499507)
(3.85595e-17 3.58351e-17 0.389922)
(3.07344e-17 2.67638e-17 0.28824)
(2.14123e-17 1.69396e-17 0.195635)
(9.93964e-18 6.79759e-18 0.111798)
(7.12872e-18 4.93572e-18 0.0360038)
(-2.70723e-17 6.42008e-17 1.91613)
(-2.66851e-17 3.06825e-17 1.88118)
(-2.99084e-17 1.54781e-17 1.8455)
(-9.19771e-18 1.46569e-17 1.80897)
(5.83038e-18 3.17829e-17 1.77156)
(-9.37325e-18 7.55025e-17 1.73326)
(-2.5604e-17 6.88569e-17 1.69402)
(-2.31551e-17 4.63233e-17 1.65376)
(-2.0497e-17 4.22469e-17 1.61237)
(-2.46549e-17 4.74918e-17 1.56969)
(-3.60782e-17 6.70573e-17 1.52554)
(-2.93124e-17 5.22523e-17 1.47959)
(-2.33832e-17 3.3986e-17 1.43147)
(-2.25426e-17 2.60575e-17 1.38078)
(-1.62877e-17 1.16743e-17 1.32702)
(-2.21841e-17 1.51185e-17 1.26964)
(-2.51197e-17 1.74093e-17 1.20795)
(-2.64377e-17 1.76458e-17 1.14118)
(-2.64127e-17 1.67496e-17 1.06847)
(-1.97434e-17 8.57165e-18 0.989008)
(-1.68927e-17 6.3783e-18 0.902086)
(-1.70998e-17 8.13068e-18 0.806947)
(-1.50274e-17 7.43741e-18 0.7033)
(-1.26201e-17 7.65658e-18 0.59335)
(-9.89369e-18 7.8111e-18 0.482385)
(-8.88348e-18 1.00488e-17 0.376128)
(-4.93062e-18 7.46924e-18 0.27793)
(-1.08767e-18 2.93305e-18 0.188613)
(-7.16433e-19 -3.68714e-19 0.107778)
(2.20963e-18 1.50251e-18 0.0347072)
(-7.69382e-17 2.73747e-17 1.90114)
(-6.55877e-17 3.47558e-17 1.86683)
(-4.93183e-17 -4.15823e-18 1.83125)
(-1.65934e-17 -4.1275e-17 1.79463)
(-1.464e-18 -4.37076e-17 1.75707)
(-1.33627e-17 -6.19825e-19 1.71859)
(-5.87531e-18 2.07516e-17 1.67915)
(7.63099e-18 7.57584e-18 1.63867)
(1.05455e-17 9.71074e-18 1.59702)
(-2.129e-18 1.50491e-17 1.55403)
(-1.9686e-17 1.84147e-17 1.50943)
(-4.45669e-17 3.11131e-17 1.46296)
(-6.59488e-17 3.80873e-17 1.41427)
(-6.56587e-17 2.19681e-17 1.36295)
(-5.69697e-17 -2.13081e-18 1.3085)
(-5.21737e-17 -1.84988e-17 1.25036)
(-5.31159e-17 -2.4727e-17 1.18783)
(-5.59358e-17 -2.63006e-17 1.12017)
(-5.71416e-17 -2.36695e-17 1.04658)
(-5.21273e-17 -2.49865e-17 0.966327)
(-4.0974e-17 -3.17149e-17 0.878845)
(-3.06018e-17 -3.58365e-17 0.783406)
(-2.06377e-17 -3.70178e-17 0.680065)
(-1.88708e-17 -2.87881e-17 0.571722)
(-1.91179e-17 -1.76543e-17 0.463724)
(-1.65961e-17 -1.01358e-17 0.361188)
(-1.11713e-17 -6.87727e-18 0.26679)
(-6.54015e-18 -4.11845e-18 0.181032)
(-3.12817e-18 -2.43096e-18 0.103441)
(-4.99314e-19 2.32893e-21 0.0333087)
)
;

boundaryField
{
    walls
    {
        type            noSlip;
    }
    inlet
    {
        type            cyclic;
    }
    outlet
    {
        type            cyclic;
    }
}


// ************************************************************************* //
